1000
637523087
54608326
619596391
201317812
54700837
819923699
848024872
52542212
47135323
367865074
895857583
670548364
59657939
382074780
347701508
309220047
943882767
375964580
939806586
587067217
298841801
462877652
398927730
127390754
808184997
331177304
966818951
110331186
57855741
364325474
742363921
30431177
355683853
531527770
648237448
742247305
217949712
621191449
92170207
768959562
346770888
55180305
288407787
192063408
134755393
31621144
28106399
730824231
503873224
862234225
143948197
63739035
253578548
80079166
4253449
413735570
894654582
926547027
864936970
471826825
129317982
193872710
685944471
976507001
83135433
38346812
249775184
788471250
507691691
821721106
199294685
618765122
115081611
441353777
217391879
628605384
144124226
81796213
945374967
478544794
576094743
568064925
547878491
931403548
884106831
537133602
376175404
188158260
279947436
732864853
440868826
656755010
808486068
96310307
277638489
935603339
603033817
7010704
303258699
683238340
384698449
346549804
486905164
502396278
661522920
692875921
509270213
227631527
134698982
231005114
645495800
908009603
691580617
6910933
773891149
273069942
313961555
384534206
88106419
981329928
330669514
667821940
333806358
849151520
306257256
894883380
122482650
276564724
861682738
465040776
247330799
153376779
823148253
563034197
102800297
980718069
784573536
570805550
512406279
395885261
532221799
575364616
827217249
231173265
531147432
52852692
822921742
51031114
626936423
11184110
140259481
197031339
85930899
131608709
832394331
343044559
349289496
435752021
557959255
353090914
901674937
806052927
797677391
616480894
733272330
492378755
155243394
776070431
747545586
12307530
132700107
202672763
205042177
225593982
249418519
881948467
975753275
300164433
217517206
587492626
651734854
541091478
324204279
735304714
645423360
483489101
716178837
171872024
287602153
891179721
152111600
34121270
891029719
133016702
874212565
954950828
358767096
811985343
572061694
356603439
954624143
310623242
905061015
733807404
102454307
815136502
993983479
398020118
905541399
217686704
495783287
186132827
243728288
90021587
957303799
250445047
954935387
453755278
343505427
652647031
485159719
83989574
716014139
698760032
264770959
419391329
668737049
681657792
590231977
801871946
601911497
324047640
250156688
757958037
920712433
794184796
45978845
258292151
844709848
817003597
369015861
116803291
312858479
172488697
707585607
774343410
431769628
197873161
142509949
158919947
645376008
687644037
623825352
410504988
285354083
615089230
965895599
771423298
745571125
39796208
780432217
687133821
638559628
88862315
446267049
397397219
173896141
740176798
926160562
812070656
5917285
106034742
861965431
921294733
843482661
873529580
213440168
784191664
595133787
227708961
288648573
151007838
810546159
6016323
184609252
761312096
457807224
725085145
683818937
405373993
302572067
880432551
267556827
789813149
793173136
429899823
984315231
112533154
997583427
979825460
21901024
663785309
855120776
54316508
9978559
998895225
552377976
37815229
698372869
554678428
46806347
488237805
70752026
216339122
321809083
281434835
109259729
815704274
799109248
266402798
75905638
726728704
35322570
960947418
566228886
901825723
838324513
79882024
399897993
609236888
35326298
816582492
526933645
98694934
346853763
300576783
705432715
743404496
339506026
213728903
549014937
349793578
317923607
195727691
443334011
493951434
462950514
476035717
355710544
625618338
687471054
863983718
837411059
552824753
311366749
516281282
305572694
919846659
921001638
212402290
727466716
908693441
654449070
707258134
565471993
272648376
464131312
994354880
404727206
169441193
27793407
912818628
912485206
958134015
526004899
167141372
236428928
816245946
520077386
682183212
38052751
749942898
501741021
386036756
571660505
56270857
851488919
143238025
72317888
118483061
65938967
134656517
871800928
870251993
961610281
615044023
206101550
850606817
350135240
617785900
44188055
786782170
36611542
149863352
548017711
123790441
220245100
190566850
958930273
23811223
201740128
917136330
465658722
895730986
690316232
438250130
594004278
925909090
880548046
854176223
4578344
431794894
829540245
619061391
6528822
208245357
728854136
397719842
153769961
988907186
187130969
987115353
929543374
684933471
164499177
719192728
79709111
788716496
334573919
71668787
591955720
855533136
187895018
150606436
152128617
320125989
703939966
424575817
550575916
22385289
419913998
863300344
89362476
617043457
243829014
428418400
708358987
887639188
775915585
292532511
796822972
288646290
905616035
472093956
324021405
956708690
985866319
264381759
320557870
727134414
411639599
381913406
782972337
783762790
829499410
80231193
411887591
47926234
775804369
216303777
875249315
845233833
240706326
839513781
533535055
24938091
375184272
710071912
611998605
561368752
821932171
244675424
976150810
184579168
255690308
65207487
518552617
618172971
900217989
941448008
257159360
340265756
890587709
146605573
836122302
722027393
477283532
852900779
250048928
94319364
968576418
730791644
749162093
263653268
754690093
830952447
524598866
158264858
372713420
777630219
45615091
1172458
378148783
142484408
84157429
35164408
450202331
965688736
796665573
790724944
85326172
350875186
169156440
891422099
78274999
746389738
120344439
492369377
997627348
718005707
604283634
537848553
654938626
345291238
809022872
528440547
300888015
848363067
87113214
113897600
662012301
120946378
19223562
406332993
240615891
319572736
202372805
813120434
322183308
128583469
526793179
530861450
541320512
26095070
79134658
162293022
354589064
311278223
382929869
41301871
109285072
94160428
6349204
922846434
153117604
555139900
212831663
501487786
424883405
632261560
670953564
279919751
622068127
941595471
381064932
555055348
939249846
967356272
551150645
91921004
668550613
488690165
83631958
148012968
660868528
224906390
223456588
478954491
19421281
788934001
49718229
36114698
34835763
369116757
458057294
987549410
634804785
465263199
690626866
216624827
828685724
289512473
431168187
33893931
365110440
843364179
822664831
821073809
850570819
892600501
408840943
589542248
739993456
992215215
950599550
595786817
465765936
550193037
29788877
297965988
129979159
7329823
785767282
513763171
578848988
614020406
182039807
171817852
524616996
462975768
900479695
44973456
747609826
151526985
945915200
968306237
691848293
417795593
411984439
735188345
837093224
653422849
639430963
908025553
166673689
758993913
150811189
445928641
797719835
536858624
404092521
32687211
204098801
550142726
124674125
39936559
991827827
675198953
558190901
98881589
336480701
699677734
656202944
474352463
775526555
989534820
791335950
410064357
469603454
415827231
689462657
770095565
112220486
599066136
101210616
32753266
521306608
659859474
652626410
493087641
977567092
720215694
92829497
112228357
524332611
125768014
97576159
432481652
279958647
128309552
425058876
433919010
815314436
44057992
186770485
223428059
353972657
481722587
91149097
580011546
618758467
3231026
616762807
28933180
948652038
76207338
709454732
769451158
812068850
182585265
749395870
104797435
393899505
724380481
370927902
833200251
3240117
208028753
235874355
85472123
10895065
15720969
81837402
51681334
817765728
86228274
480117971
246676818
46819994
363097865
584775928
89348155
583371832
467531869
958436488
167217669
518752607
684437607
420447517
33198167
201801705
597555900
133972859
118979157
168394920
622952272
976056379
99466067
422384212
577997749
132610640
284958050
194392118
618678717
810356423
319112087
50179650
201282857
674233574
719956646
33977055
969196930
422318593
268117794
628050930
562834083
679946524
100743181
766507809
735326088
4656178
385445863
377940089
575426575
75583584
963439489
293771821
151069672
495285128
403509102
817098666
966840544
473244737
692349918
51650958
100214874
122681579
324997133
175900010
59464729
843804448
986836395
536063562
719365947
843517197
453976132
760431311
893860680
468337995
622094288
233799751
724824694
246881205
394006431
374002116
961907421
521130131
195799251
646042931
159200663
713897457
483424010
976699469
22977815
788563892
64725785
658016622
892067551
41484881
451693339
48235006
877389501
308117936
955077435
693672367
655731184
135416731
202289253
201840548
102906554
826117243
70725246
913731309
219529244
44076940
712250943
727750623
385351096
578169698
82095258
528973341
20127254
562298908
629699956
360726654
179516875
718572668
750283995
792107359
697254960
93334688
451512415
509434054
833823567
741893894
513600554
140712363
11663103
600760244
656796361
503472325
566775673
354256597
165956295
439171190
248895591
37537228
113955934
494948192
390098113
904389478
184703280
194157045
962774100
847997133
586332839
486547568
934731247
978169102
893758107
537372162
445191099
286753323
302774371
133072232
453000206
744933627
269806979
307917236
522374760
639442384
99978300
796054724
261604036
672986221
876026176
224056200
173720209
78254968
409728721
478041565
501238106
523478939
17509661
665569944
784710163
926633314
374700354
166796674
678519161
526351935
704808130
983422636
350095940
750249378
564804509
584641601
126681560
419158252
46379204
751696345
114175114
238244227
54183759
719328341
211473155
143880300
129615578
900601388
942784060
237348854
38035277
894730889
61555129
262913827
418828510
592351282
61292729
940702899
619014279
362201085
190474928
561480866
558748522
733399501
836763174
401239793
538549371
903189939
144382708
131135893
121205338
283618410
153899108
11997168
565918336
184400589
401796702
308584346
997074295
12778524
813266746
988270514
16981478
378332851
734126568
171676361
87039984
30604637
562015935
168740039
128400011
383876798
569446976
153689531
784603823
79839159
265423094
435384617
825451168
406399534
4465409
35685065
49423451
731253215
916851302
324665489
689905174
972049265
323894126
