2416949
6072641
6939507
7684930
8936987
10901063
11614769
11671338
12260289
12895151
14989683
19485054
29777560
31308902
34740865
35005211
35756851
37487770
40610537
42999170
51245830
61101360
63299708
70636429
70788355
74552805
76065818
76593093
78012497
82173109
84353895
87755422
93189435
94307398
96055805
101323875
104152274
105575579
107734713
110613202
111537764
112805732
114723506
114760235
116087764
120306710
124666328
126107205
126401947
134591281
135497281
136495343
137806862
146533149
149798315
150122846
150517567
151519934
155324914
155789224
157272379
159259470
159473059
160051528
164826621
165344818
168002245
168057522
174515334
180785147
181271232
184803526
188213258
195740084
199411898
200747796
201305624
201690613
204102747
207026272
207621703
209359415
212251746
213801961
213975407
216220853
216588711
217871137
217927335
219544266
221558440
223712350
226723382
231602422
233665123
235202254
235649157
235745791
238962600
241909610
242588954
243268139
245798898
246247255
255789528
257675105
260152959
260401255
262178224
262692685
269441500
269455306
270744729
270754552
271059426
272020127
278722862
279121308
282828202
286448566
289700723
292218004
292423943
294110991
294702567
296864819
298501962
298625210
304089172
305197314
309112297
309198987
317097467
318561886
324763920
327254586
328298285
332238283
332266748
333582338
336465782
337453826
337739299
337745691
338888228
343945053
345367818
349517445
350322227
352118606
352406219
356426808
356684278
358532290
358984857
362575055
364228444
364319529
364686248
370917955
371653516
372160269
376696776
378409503
378469911
380390179
382697713
384370888
387346491
387451659
389040743
392035568
394633074
395191309
395279207
396377017
396473730
400000569
402724286
402903177
404158660
406011017
407487131
409544918
410134047
410228794
410409117
412776091
413360099
415522325
420687483
424238335
425245975
427355115
428903682
430253414
431530126
434248626
435889744
437116466
438792350
439493451
441767868
445080308
446340713
452456682
452825171
452867621
454333378
460686763
463480570
468703135
470591100
471990783
474613996
476152433
476564285
476667372
478034945
480298490
481928577
483689685
484238046
485560280
488663950
491705403
492067917
496060028
496987743
498777856
500037525
500618996
501772890
502278611
511702305
513937457
515530019
521035021
521595368
524133589
524305153
524688209
524872353
525829204
528433890
530498338
532670688
537322532
550245196
551836836
552473416
552910253
553160358
554290596
555996658
559301039
559412924
561717988
564325578
567304789
570073850
572660336
577721120
580508860
584522071
586235379
588219756
590335821
593209441
595311776
596516649
601385644
603570492
606199759
608413784
610506582
610515434
617909211
619054081
619290071
620089368
620145550
624549797
625032172
627992393
628175011
628966950
628974580
629580952
629593614
630668850
631704567
632651476
635723058
638422090
639806732
646755199
648031326
653448036
653468858
654887343
655495367
655858699
659639006
660260756
661761152
661955081
669908538
670752506
672032919
672139932
672655340
677870460
680466996
690367770
695466127
695748720
696947386
697517721
699460008
700108581
703550253
705178736
706043324
707900973
709393584
711645630
711845894
712633417
714880226
716334471
719346228
719885386
722308542
726371155
733053144
733327814
733450907
738393740
738647283
739273303
740759355
745425661
745598382
746349250
749241873
752392754
756898537
760313750
765326717
767066249
771151432
772634225
772970072
773319847
774044599
776532036
777210498
777720504
780821396
783368690
786039021
787689126
791698927
802205057
803590181
805750846
811742698
813274570
816504794
820097487
820697697
822262754
822890675
824272813
826047641
828388027
831768825
833215350
841148365
845563291
846621269
846811127
846930886
846942590
847228023
855636226
856363827
857490000
859484421
860516127
861021530
861109485
861543921
864101839
870305000
873199181
873524566
882160379
885799631
887077888
889023311
894429689
915256190
917679292
927376882
927612902
928140528
931489114
932026304
932862806
933110197
937370163
937558955
939819582
941804289
943947739
945117276
950390868
951426815
952062949
959372260
959997301
962033002
964445884
968338082
970925433
971899228
972058109
980356728
982906996
982936784
983631233
989241888
990892921
991810563
992028067
993967637
995706887
1000372555
1001089438
1003886059
1007277217
1010528946
1012502954
1012836610
1017679567
1021784812
1022089159
1022963858
1023457753
1025125849
1025202362
1025533459
1026413173
1030313563
1031126087
1034514500
1034949299
1036140795
1037127828
1038626924
1043388777
1046370347
1046741222
1047372231
1051858969
1057418418
1057467587
1059961393
1061730690
1063958031
1065103348
1065311705
1066077375
1067854538
1069755936
1070575321
1078898506
1081174232
1088590930
1089653714
1095966189
1096689772
1100661313
1101513929
1102520059
1104627321
1105816539
1106059479
1108399134
1111783898
1112720090
1113502215
1117142618
1120048829
1122336503
1124311574
1125898167
1129033333
1129566413
1130698571
1131176229
1131359211
1131884850
1135771559
1137949908
1139901474
1140384172
1141616124
1143408282
1143565421
1144278050
1144522535
1151297278
1152645729
1155722604
1156541312
1158381494
1159126505
1172755590
1175526309
1176911340
1184214677
1186090428
1186452551
1186631626
1189641421
1190668363
1192707556
1194953865
1197352298
1204275569
1204462951
1204754116
1210359231
1215828993
1219407971
1231192379
1232056856
1237379107
1238433452
1238498976
1239036029
1240554603
1242561041
1242608872
1242990415
1243439214
1244316437
1250372661
1250801052
1251300606
1253207672
1255179497
1255387090
1260596963
1264095060
1265122573
1265204346
1266235189
1267889618
1269400346
1272469786
1272796157
1273911899
1275373743
1276673168
1277849958
1280311131
1280321648
1280631491
1281830857
1282648518
1285228804
1287726651
1287859999
1289547084
1290127955
1291554098
1295166342
1297893529
1302539390
1303455736
1304811783
1307565984
1308044878
1309383303
1312630443
1312994984
1314218593
1315209188
1315634022
1319041805
1326247643
1328104339
1329132133
1329202900
1330573317
1335354340
1335939811
1336092622
1338299904
1341443181
1343606042
1344247686
1344593499
1346811305
1350490027
1350573793
1351538839
1351797369
1353436873
1359512183
1360613073
1364090032
1365180540
1369133069
1369321801
1369356620
1369602726
1370973813
1371499336
1372261796
1373226340
1374344043
1376035217
1376710097
1380171692
1384095820
1385414639
1386418627
1387036159
1388391521
1388803074
1389867269
1390543437
1392740049
1395132002
1395235128
1395405989
1396918184
1398295499
1402586708
1402961682
1404196431
1404515797
1407392292
1409959708
1411154259
1411328205
1411549676
1412277685
1414647625
1414829150
1415505363
1417076376
1421186593
1424268980
1426819080
1431419379
1431742587
1432114613
1433102829
1433925857
1434322197
1434433518
1435218189
1442767057
1446648412
1447267605
1447395528
1448703729
1449228398
1450573622
1450956042
1452888574
1455590964
1460082195
1464415775
1467963981
1469262009
1469348094
1469834481
1470332231
1470503465
1472576335
1472713773
1473144500
1473442062
1474612399
1476153275
1476453195
1477171087
1486222842
1487053959
1494613810
1498617647
1500474762
1501252996
1502781486
1503885238
1503967857
1504569917
1505193512
1510080967
1516266761
1520223205
1520982030
1527622954
1528806445
1529195746
1534230297
1540383426
1541027284
1543324176
1543755629
1544617505
1545032460
1548233367
1548348142
1555319301
1562402336
1566288819
1566369633
1569229320
1572276965
1573363368
1579068977
1581539848
1582152040
1583571043
1584710873
1585990364
1586903190
1590079444
1597141723
1597322404
1600028624
1603591171
1604765404
1605539862
1605894428
1605908235
1609416931
1610009097
1610120709
1615935710
1617876982
1622597488
1623380595
1626250262
1626276121
1630387677
1630634994
1631518149
1632621729
1633108117
1633938701
1635550270
1635905385
1640170337
1642548899
1645933681
1646478179
1647149314
1649709016
1649760492
1653377373
1655035325
1656478042
1660651136
1662739668
1662981776
1663080928
1664423428
1665204916
1665947468
1669475776
1669679262
1671294892
1671735990
1675518157
1675575223
1676902021
1679895436
1681692777
1682085273
1687776787
1687926652
1691449122
1694887982
1703964683
1704365084
1707056552
1707746139
1708302647
1713258270
1714636915
1717226057
1722060049
1725138377
1726956429
1730418657
1734575198
1735079296
1736491298
1737518944
1738110294
1738909365
1739000681
1745790417
1745897490
1747844822
1748349614
1748806355
1749698586
1750003033
1751378130
1756915667
1760243555
1760281936
1761250573
1763794427
1766146081
1775473788
1776808933
1779289672
1780172261
1780695788
1781999754
1782280524
1782436840
1784639529
1785550551
1787897525
1788014412
1789366143
1789376348
1795519125
1797073940
1799560997
1799878206
1801979802
1804289383
1812282134
1813080154
1814887560
1815209933
1820388464
1821066342
1823089412
1823796892
1826620483
1827336327
1830539036
1841585795
1843993368
1844400657
1849552528
1850952926
1856669179
1857756970
1857962504
1858504292
1858721860
1859031536
1862292122
1862875640
1866000081
1867107722
1869470124
1874799051
1875335928
1875641892
1876855542
1877565100
1884167637
1884661237
1886086990
1887658390
1889804310
1889947178
1891252715
1892066601
1892430639
1894519218
1896306640
1899058025
1900553541
1905241081
1907895021
1908518808
1909002904
1909850543
1910300925
1910858270
1911165193
1911759956
1914544919
1916250774
1918502651
1927495994
1930772757
1931513970
1934392735
1936060910
1937477084
1939964443
1941690360
1941727088
1943003493
1943327684
1947346619
1950955939
1953443376
1954696532
1956297539
1957747793
1959343768
1960709859
1965421244
1967513926
1967681095
1968217462
1973387981
1973594324
1974806403
1975960378
1977648522
1979015720
1981208324
1982275856
1982945082
1983228458
1983614030
1983690368
1984210012
1985433483
1986894018
1987231011
1988714904
1989806367
1992576590
1998898814
2000419805
2001100545
2001229904
2002495425
2004187516
2004504234
2006138722
2006811972
2007905771
2009726312
2010794583
2013725218
2016764524
2025187190
2025554010
2027907669
2030449291
2032454154
2032894977
2033505236
2033669086
2037770478
2038664370
2039723618
2040332871
2040651434
2044897763
2045826607
2053999932
2058657199
2059344234
2060975266
2064945486
2069110699
2073785404
2077211388
2077486715
2084420925
2086206725
2089018456
2103318776
2106914653
2112255763
2113903881
2114738097
2114937732
2118421993
2130794395
2135019593
2137100237
2137390358
2142757034
2143124030
2145174067
2147469841
