100669
2416949
4744263
5631942
6072641
6938620
6939507
7426169
7684930
8936987
10150109
10901063
11614769
11671338
12260289
12548159
12895151
13798878
14933990
14989683
16922351
18400960
19485054
20336956
25084100
25222833
28264029
29777560
29860596
30387226
31308902
31797565
33165457
33713861
34740865
35005211
35756851
37487770
37623446
38649718
39848341
40610537
40658094
42999170
44041351
44470216
44804919
51245830
52775474
54449299
61101360
62299853
63299708
64564349
65120356
65785292
67874133
67974802
70636429
70788355
73673339
74552805
75191653
75245562
76065818
76277107
76593093
78012497
78374295
78417603
79065186
80329499
81458260
82173109
84353895
85291638
86086317
87522686
87755422
88639634
93155710
93189435
94255812
94307398
95266356
95275444
96055805
96617457
99568484
99885196
100603786
101323875
102194872
102524643
104152274
104665169
104852634
105575579
106242869
107734713
107939561
108375482
110341087
110613202
110993018
111537764
111691313
112805732
113974112
114723506
114760235
116087764
116423768
118993446
120306710
124666328
126107205
126401947
127052251
129183332
129834447
132629780
134591281
135497281
136135018
136495343
137806862
138172497
138700754
144874089
145186709
145376088
146533149
149798315
150122846
150517567
151519934
153162844
155324914
155789224
157272379
158136104
159037710
159259470
159473059
160051528
162403134
164826621
165344818
167368542
168002245
168057522
172623403
173506518
174515334
177332700
180785147
181226513
181271232
184803526
185963953
188213258
190113083
192048860
192433878
192532621
193552063
194064088
195740084
196095815
198619204
198628789
199411898
200747796
201305624
201407458
201690613
202550399
203845520
204102747
204428608
207026272
207621703
209359415
209473567
212251746
212295100
213213171
213801961
213952386
213975407
215341973
216220853
216272000
216588711
217161528
217852623
217871137
217927335
219544266
219994425
221558440
221713886
222028828
223712350
224048977
226723382
228217069
231602422
233233021
233614511
233665123
234262547
234576987
234799752
235202254
235649157
235745791
237140292
238962600
240854387
240959156
241909610
242474976
242588954
242639747
243268139
245240853
245277883
245798898
246247255
251243823
251836754
253674535
255789528
256363941
256804978
257675105
258219170
259488863
260152959
260401255
262178224
262692685
263043320
263419017
266222407
269441500
269455306
270617569
270744729
270754552
271059426
272020127
272312086
274325361
278190158
278450030
278722862
279121308
282828202
284327308
284665220
285830504
286448566
286791631
289700723
292218004
292423943
294110991
294702567
296528780
296596980
296864819
298167279
298501962
298625210
301373537
304089172
304505404
305197314
305564045
306851320
307571472
309112297
309198987
309667127
309766496
310242589
310273413
311269559
312186354
313823293
315813605
317097467
318322042
318333694
318561886
321869343
322334813
324763920
327254586
328298285
330546620
331016259
332238283
332266748
332702450
333293469
333480550
333582338
336465782
337453826
337739299
337745691
338346092
338888228
339335164
339980538
340563072
342146590
343886628
343945053
345367818
346502533
349121784
349517445
350322227
352118606
352406219
353673391
354367395
356228371
356426808
356684278
358532290
358984857
359147515
360022300
362575055
363304213
364228444
364319529
364531492
364686248
365862802
366831742
370917955
371653516
372160269
372315265
373953666
374138644
375444584
376696776
378409503
378469911
379366797
379461075
380390179
382697713
382926234
384295879
384370888
384868448
386753870
386839851
387346491
387451659
389040743
390848153
392035568
394633074
394709364
395191309
395279207
396377017
396473730
398068012
399493245
400000569
402724286
402903177
403068011
404158660
404259631
405201937
405341089
406011017
407487131
409098738
409544918
410134047
410228794
410409117
411522957
411826969
412776091
413360099
413892161
415522325
415675634
418646579
419481884
419914800
420687483
421101832
421825361
424238335
425245975
427355115
428674782
428903682
429363923
430253414
431530126
434248626
434290636
435889744
437116466
437180529
438485374
438792350
439493451
441767868
442482781
442982639
445080308
446340713
452456682
452825171
452867621
454333378
454416748
454806773
455843485
456651794
457676440
460686763
461152493
461273879
461851014
463480570
464837581
466647227
468703135
470591100
470631541
471990783
472131489
473903566
474613996
476152433
476564285
476667372
478034945
478307629
478841551
480298490
481387902
481928577
482417719
483689685
484238046
485560280
487073847
488663950
491705403
492067917
493886463
495375861
496060028
496987743
498777856
499429649
500037525
500618996
501772890
502278611
502390523
503458793
503615949
504038566
505185185
505593010
507578762
511583958
511702305
512976554
513937457
515530019
517408978
518434573
521035021
521595368
522971726
523782140
524133589
524135236
524305153
524688209
524872353
525829204
528433890
529302443
530406424
530498338
530788967
531352976
531900034
532495011
532670688
535286141
537322532
541110115
542314107
543906158
546389569
547407330
547772603
550245196
550804899
551008693
551201745
551836836
552473416
552910253
553160358
553918865
554290596
554602408
555996658
556707205
559301039
559412924
561717988
562390279
562395735
564325578
566112132
567304789
568122272
568275358
570073850
570840516
572132557
572660336
573556837
573666704
574596534
574620392
574682290
575705360
576279545
576994985
577721120
578187134
580508860
582972798
584522071
586235379
588219756
590335821
592456289
592962932
593209441
595311776
596516649
597010431
599529154
601385644
603570492
604263370
606199759
608034986
608413784
609707131
610486506
610506582
610515434
612203759
612353198
612816071
614340012
616716465
616734673
617909211
619054081
619290071
620089368
620145550
624549797
625032172
625040140
625321929
625843881
627510635
627992393
628175011
628257755
628966950
628974580
629580952
629593614
630668850
631340353
631704567
632651476
634172025
635723058
636453333
636600769
638422090
639806732
646755199
648031326
649022765
649785905
653448036
653468858
654829090
654887343
655495367
655858699
657103124
659639006
660260756
660916487
661761152
661955081
669908538
670752506
671068506
672032919
672139932
672563970
672655340
673365159
674402557
677870460
680007057
680466996
682736626
683309587
688852786
689442530
690367770
691451546
692458743
692981712
695258232
695466127
695748720
695991608
696947386
697517721
698312496
699045063
699460008
700108581
700287639
701539807
701943705
703550253
703571522
703955951
705178736
706043324
707184680
707255825
707900973
709393584
709606368
711645630
711845894
712633417
713355511
714880226
716334471
716898500
717032538
717293418
719346228
719885386
722308542
724025165
726371155
728149010
729568616
730199492
730832933
733053144
733327814
733450907
737703662
738393740
738647283
739273303
740759355
745425661
745598382
745792349
746349250
749241873
750167716
750679664
752392754
752704313
753959819
755526127
756898537
760313750
763148569
763447433
764851988
765326717
767066249
769304465
771151432
771476364
772634225
772970072
773319847
773446912
774044599
775056794
776532036
777210498
777635325
777720504
780821396
781098823
783368690
786039021
787689126
788380902
791251530
791698927
802205057
803590181
805251743
805750846
808808585
811742698
813274570
813465002
815774123
816504794
816976784
817572761
819485269
819827984
820097487
820697697
822262754
822890675
824272813
824722490
825726814
825791694
826047641
827385948
828388027
829570037
830365981
831099451
831768825
832077645
833215350
836802671
837626799
838139053
839425676
841148365
844169939
845563291
845954166
846621269
846811127
846930886
846942590
847228023
848934683
849725352
855320512
855636226
856363827
856979759
857490000
858829294
859310840
859484421
860144854
860516127
861021530
861109485
861543921
861746410
861838989
864101839
866596855
869921280
870305000
871700699
873199181
873524566
877068972
878273679
878777377
880492499
882160379
883799426
885799631
887077888
888482339
888830763
889023311
894429689
894869401
895873480
896551633
896925393
897534569
900104667
912194650
914600930
915256190
915711850
916018859
916768482
917609663
917679292
918483162
919785523
922587542
927376882
927612902
928140528
928682751
929588156
931489114
932026304
932862806
933110197
933596911
934618834
936621968
937370163
937558955
939819582
940472515
941804289
942581876
942724790
943190495
943947739
945117276
950390868
950881304
951426815
952062949
953691761
955798986
956134158
957426576
959162035
959372260
959658925
959997301
960188534
962033002
962764794
962980710
963964191
964263748
964445884
966618017
968338082
970925433
971899228
972058109
972125383
978053418
978587665
979601485
980356728
981766422
981914693
982906996
982936784
983631233
984124220
986478257
987706141
987987334
988506952
989230775
989241888
989492335
990526343
990892921
991039875
991505661
991810563
992028067
992277052
993683397
993967637
995097051
995234140
995706887
997276125
1000372555
1001089438
1003463633
1003886059
1004011520
1005418816
1007277217
1010014811
1010528946
1010764797
1012502954
1012836610
1015857464
1017565625
1017679567
1018041598
1019382894
1020406649
1021784812
1022089159
1022963858
1023457753
1024027583
1025125849
1025202362
1025533459
1026413173
1028363610
1029621931
1030313563
1031126087
1031207394
1033206202
1034514500
1034949299
1036140795
1037127828
1038626924
1038828826
1041356631
1042517543
1043388777
1046370347
1046741222
1047196295
1047372231
1048938329
1049546350
1051402293
1051858969
1057418418
1057467587
1059961393
1060494695
1061730690
1063880569
1063958031
1064651899
1065103348
1065311705
1066077375
1067854538
1069117832
1069755936
1070575321
1073781763
1075259134
1076919591
1077683174
1078898506
1081174232
1085206797
1088590930
1089653714
1089966067
1090099484
1090438014
1091714937
1092637289
1095966189
1096689772
1098193842
1100661313
1101513929
1101533292
1102520059
1104561852
1104627321
1104933720
1105629391
1105816539
1106059479
1107096180
1108399134
1111088131
1111783898
1111800030
1112720090
1113331867
1113502215
1113675743
1114646704
1115917669
1116945487
1117142618
1119399015
1120048829
1122336503
1122551742
1124311574
1124734562
1125898167
1129033333
1129566413
1130698571
1131176229
1131189562
1131352346
1131359211
1131761079
1131884850
1135386147
1135771559
1137638147
1137949908
1138101281
1139352160
1139901474
1140384172
1141616124
1142930164
1143195511
1143408282
1143565421
1143849810
1144278050
1144522535
1145151225
1145975358
1146137088
1151297278
1152645729
1153263590
1154615609
1155465115
1155722604
1156541312
1158381494
1158747661
1159126505
1160063179
1162088421
1163384280
1166437685
1170132540
1172063133
1172755590
1173002606
1173059560
1175446571
1175526309
1175989877
1176225844
1176911340
1179529128
1182176620
1183912267
1184214677
1184622626
1186090428
1186452551
1186631626
1186994949
1189544209
1189641421
1189914410
1190668363
1192707556
1194953865
1195950186
1196774315
1197352298
1198720172
1199420528
1199680559
1204275569
1204462951
1204754116
1204868098
1209379174
1209734969
1210359231
1211721386
1215387142
1215828993
1217038602
1219377470
1219407971
1219933931
1220585472
1221389873
1230674396
1230769829
1231192379
1232056856
1233114544
1237379107
1237979969
1238138000
1238433452
1238498976
1239036029
1240554603
1242561041
1242608872
1242754098
1242990415
1243439214
1243769942
1244316437
1244453596
1245036421
1245466382
1245644428
1250372661
1250801052
1251300606
1253207672
1254749154
1255179497
1255387090
1256273378
1259577690
1260596963
1260995960
1262486766
1264095060
1265122573
1265204346
1266235189
1267040926
1267889618
1268409912
1268632557
1269400346
1272469786
1272796157
1273911899
1275373743
1276673168
1277849958
1278792724
1279820114
1280311131
1280321648
1280631491
1281830857
1281944976
1282291499
1282648518
1285228804
1286966948
1287572525
1287726651
1287859999
1289360871
1289547084
1290127955
1291554098
1292413412
1292850339
1295166342
1295815494
1297893529
1302539390
1303455736
1304438548
1304811783
1307565984
1308044878
1308202906
1308581515
1309383303
1312313043
1312630443
1312994984
1314218593
1315209188
1315634022
1316505735
1316953165
1318141009
1319041805
1320634492
1321756868
1322623287
1322710936
1326247643
1328104339
1329132133
1329202900
1330301183
1330573317
1331565220
1335077589
1335354340
1335939811
1336092622
1336194465
1337434154
1337856142
1338299904
1339388427
1340157793
1341443181
1343457914
1343606042
1344247686
1344593499
1346811305
1346941484
1347584264
1348361729
1350490027
1350573793
1351538839
1351797369
1353436873
1353668775
1353825800
1359512183
1360478499
1360613073
1364090032
1364180570
1365180540
1367209095
1368062958
1369133069
1369321801
1369356620
1369602726
1369678468
1369893141
1370973813
1371499336
1371570003
1372261796
1372668364
1373226340
1374344043
1374600938
1374631287
1375179334
1376035217
1376710097
1376941062
1380171692
1384079421
1384095820
1385414639
1386099901
1386214636
1386418627
1386510139
1387036159
1388391521
1388803074
1389079342
1389867269
1390387708
1390543437
1390598089
1390865725
1391927494
1392740049
1395132002
1395235128
1395405989
1396005216
1396342013
1396768681
1396918184
1398295499
1401262337
1401422376
1402492972
1402586708
1402961682
1403938270
1404196431
1404515797
1407392292
1408960629
1409959708
1410681417
1411154259
1411328205
1411549676
1412017135
1412277685
1414647625
1414829150
1415505363
1417076376
1421186593
1424268980
1424321892
1426819080
1431419379
1431742587
1432114613
1433102829
1433925857
1434322197
1434433518
1435001171
1435218189
1435525339
1438865740
1442767057
1443145325
1444311956
1446648412
1447267605
1447395528
1448703729
1449228398
1450099355
1450238957
1450573622
1450956042
1451042659
1452888574
1453048498
1454580282
1455252833
1455371254
1455590964
1456139563
1456339643
1456748696
1457880381
1459834400
1460082195
1460654187
1460674641
1464415775
1466942491
1467963981
1468519716
1469262009
1469348094
1469834481
1470332231
1470503465
1470796522
1472576335
1472713773
1473144500
1473442062
1474612399
1475952280
1476153275
1476453195
1476492728
1477171087
1478705400
1482841197
1483332973
1485511804
1486222842
1487053959
1487105994
1488873165
1489001354
1489692377
1490549207
1494613810
1498387409
1498617647
1499150323
1500474762
1501252996
1501830323
1502781486
1503885238
1503967857
1504569917
1505193512
1508976505
1510080967
1510574887
1510906527
1514620094
1516266761
1518260757
1520223205
1520982030
1521740435
1527622954
1527793660
1528806445
1529195746
1530130017
1531585205
1534230297
1538026652
1538128223
1539942439
1540383426
1540846267
1541027284
1541417540
1543324176
1543755629
1544617505
1545032460
1548233367
1548348142
1549495354
1550101877
1551291986
1554725062
1555319301
1558581086
1559382853
1559436157
1560890244
1561812722
1562402336
1562887660
1564003050
1564739221
1565306616
1566288819
1566369633
1566586128
1567022181
1569115921
1569229320
1569654968
1571825916
1572255140
1572276965
1573363368
1578716908
1579059895
1579068977
1579952366
1581539848
1582152040
1582482437
1583571043
1584710873
1585990364
1586903190
1587992726
1588695568
1589513899
1590079444
1590105340
1591564428
1594769883
1595371198
1597141723
1597272000
1597322404
1597848432
1599893069
1600028624
1600206898
1602182790
1603386966
1603591171
1604665417
1604765404
1605539862
1605894428
1605908235
1607500335
1607774548
1607967721
1608340634
1608959295
1609416931
1610009097
1610120709
1615935710
1616916066
1617876982
1622597488
1623380595
1623804486
1624064901
1626250262
1626276121
1626870461
1628414422
1630387677
1630634994
1631207466
1631518149
1631596366
1632621729
1633108117
1633938701
1634296630
1635550270
1635905385
1636750614
1637840187
1638253540
1640170337
1642548899
1642663198
1645933681
1646478179
1647149314
1649709016
1649760492
1650994571
1651574882
1651675551
1653377373
1654844049
1655035325
1656241707
1656478042
1659239833
1659373349
1660038320
1660651136
1662739668
1662981776
1663080928
1663568111
1664423428
1665204916
1665947468
1666231349
1667250732
1669475776
1669679262
1670372305
1671294892
1671581032
1671735990
1675518157
1675575223
1676902021
1679895436
1680687005
1681545190
1681692777
1682085273
1683932587
1684259683
1684677418
1686518107
1687776787
1687926652
1688323172
1690492373
1691449122
1692713933
1692786742
1693485026
1694887982
1698487330
1701475883
1702022939
1702943003
1703964683
1704365084
1704572553
1704841123
1705632563
1707056552
1707746139
1708302647
1711089503
1713258270
1714636915
1714710647
1715207829
1717226057
1718264801
1719650353
1720185677
1722060049
1723578341
1724916170
1725138377
1726956429
1727952741
1730418657
1731190952
1731563037
1734575198
1735079296
1736491298
1737518944
1738076217
1738110294
1738909365
1739000681
1744161708
1745790417
1745897490
1747844822
1748349614
1748806355
1749698586
1749757806
1750003033
1750621862
1750829613
1751378130
1752143421
1756098480
1756915667
1758179117
1759007339
1759592334
1760243555
1760281936
1761250573
1762924393
1763360602
1763794427
1764892438
1766146081
1767110751
1767125139
1768794057
1773595097
1775473788
1776088411
1776808933
1777288820
1779289672
1779451238
1780172261
1780695788
1781485213
1781999754
1782280524
1782436840
1782648142
1784639529
1785550551
1787189168
1787897525
1788014412
1788986238
1789366143
1789376348
1793256508
1794292538
1795519125
1797073940
1798027458
1799560997
1799878206
1801979802
1802491982
1803602255
1804289383
1805613091
1805816260
1806119540
1810713171
1812247776
1812282134
1812718902
1813080154
1813511382
1814634316
1814887560
1815209933
1815754673
1815983044
1817049764
1818084292
1820042348
1820388464
1820965014
1821066342
1821115873
1823025015
1823089412
1823796892
1824700010
1825051735
1826620483
1827336327
1830539036
1833488263
1835342733
1840019304
1841585795
1843993368
1844400657
1845636353
1845716951
1848096107
1848520019
1849552528
1850612763
1850952926
1851445950
1853101996
1855103807
1855843024
1856669179
1857300821
1857756970
1857962504
1858504292
1858721860
1859031536
1862292122
1862558705
1862875640
1866000081
1866355856
1867107722
1868423919
1869470124
1872666833
1874799051
1874960596
1875335928
1875641892
1876855542
1877565100
1880346039
1881049613
1884167637
1884661237
1886086990
1887658390
1887665154
1889537797
1889804310
1889947178
1891066487
1891252715
1891342723
1892066601
1892430639
1894519218
1896306640
1899058025
1899542553
1900553541
1902736997
1903409954
1904251768
1905241081
1907712995
1907895021
1908518808
1908681983
1909002904
1909850543
1910210050
1910300925
1910858270
1911165193
1911759956
1912163036
1914544919
1916237892
1916250774
1917104697
1917305981
1918386023
1918502651
1921376925
1922018481
1922265375
1922757472
1925473439
1926411641
1927495994
1928189300
1930772757
1931513970
1931706506
1933084303
1934392735
1934660183
1936060910
1937477084
1939964443
1940022924
1941690360
1941727088
1942481690
1943003493
1943327684
1945891638
1946710049
1947346619
1947691087
1947867422
1950148346
1950955939
1953161956
1953197930
1953443376
1953534826
1954696532
1955769409
1956297539
1957747793
1959343768
1960709859
1961415139
1965421244
1967513926
1967632854
1967681095
1968217462
1968922326
1970090192
1973387981
1973521090
1973594324
1974571475
1974806403
1975960378
1976714674
1977648522
1978701535
1979015720
1981208324
1982275856
1982945082
1983228458
1983614030
1983690368
1984210012
1984498433
1985433483
1986894018
1987106312
1987231011
1987235624
1987323286
1987519915
1988714904
1989200801
1989352324
1989806367
1992055382
1992232983
1992576590
1992865128
1994320152
1998562957
1998898814
1998994314
1999038585
1999337836
2000033062
2000419805
2001100545
2001229904
2002495425
2002992734
2003980519
2004187516
2004504234
2006138722
2006811972
2007905771
2008532428
2009726312
2010794583
2011662880
2013725218
2016408437
2016764524
2017881519
2018373832
2020432100
2021303708
2021449807
2025187190
2025251990
2025554010
2026478004
2026929416
2027907669
2028720897
2030449291
2032454154
2032894977
2033261900
2033505236
2033669086
2037335344
2037770478
2038664370
2039723618
2040332871
2040651434
2042010569
2042830296
2044554163
2044897763
2045826607
2049197811
2053232475
2053999932
2054306629
2056665155
2057337242
2058657199
2058907361
2059344234
2059643461
2060975266
2063762111
2064945486
2067062760
2067247035
2068224547
2069110699
2070707654
2073785404
2074216439
2077211388
2077486715
2078107280
2078480869
2079611790
2081362124
2083149517
2084420925
2084546560
2085308422
2086206725
2086963638
2089018456
2089816339
2092720083
2094613281
2097657371
2103318776
2106914653
2107654819
2108785490
2112255763
2113556942
2113903881
2114738097
2114937732
2115115464
2115227667
2117303605
2118421993
2118801173
2122466788
2124149955
2124898138
2125023787
2126362173
2130794395
2131058752
2132688302
2133584523
2134113236
2135019593
2137100237
2137390358
2138078721
2138982933
2141153674
2142757034
2143124030
2143493320
2145174067
2145854098
2147469841
