10000
916432318
518230920
506378786
230563241
15892299
606875643
4587229
935630158
53780750
388407019
399460031
690860495
995743783
918678388
967728833
370332431
769558811
828414243
814677178
716575952
403732888
637807743
189349355
971328278
736662430
842236055
396659008
651685746
508711900
581483171
582556078
642056273
81937783
29774663
59071290
673726116
781044628
242507263
43090882
112421891
275069833
359369818
204515762
115555312
251385405
934168186
311758885
18965162
358371487
605435821
575302639
933053457
696839983
206762121
422426801
146307425
120116160
157672940
14282182
669948057
353211356
571438562
414020728
392337794
39486046
655485355
944230953
932959388
115822300
5211918
342854877
663292838
375116689
721688078
216867268
401402895
925299616
227053116
3279893
438070476
869526794
303587501
766962613
143787397
508657082
660157045
358934913
130496946
474346413
673844205
263777735
906144737
768053882
950371235
53463906
358177205
487621894
663575506
830950471
698409656
25473890
790423477
313537597
849006688
19549479
3095562
487503006
812908537
262819145
974991783
32165202
582154617
130130765
762393287
302031538
740201305
983544642
253167135
607911816
239677664
730660723
696256493
137463926
456778688
972854838
623752586
542031895
97407269
534409647
839303953
154439506
504531766
45447737
483421074
720332695
59265304
225509276
618743355
103748711
740842991
237964431
853641103
955256161
195531533
441473799
87117986
401122026
706723049
162232986
493047659
305589618
411309749
926070328
650012887
310258098
210536748
231051958
639824330
76893781
361600351
38378247
778103229
553043220
481152902
106387890
354872926
580158141
935096985
682676727
535603346
781471645
976931041
767524772
647554053
141329422
792639128
837740533
795326977
915262089
177544940
935999475
818440628
691854339
164905646
315287692
991060873
669904957
628829656
973001505
148322630
777411890
464105460
352838894
753920669
784145161
813557866
438673413
472692140
994786727
220328794
597211908
794950256
233184605
768979038
674104020
690026215
651880283
483327965
509954801
996083808
545532691
953227172
454051762
31544721
329622194
245383876
998201692
633587080
474131734
213217899
550505297
775953981
583349014
84029743
36629453
450893529
490730218
365569446
967943433
36652406
482159531
199437386
515152113
654982134
76530194
693244583
262921506
193384394
68752047
962430421
721256543
761014533
751633177
199994185
283338318
888843805
694560681
553239053
832055908
743115070
917574185
382236766
922716563
910837932
982665886
161795503
582721819
280181613
373710398
708475358
341497869
478379499
738443903
718681708
435435628
535309398
136054903
397649244
321734444
26977162
286112217
472145486
397107537
954683130
154534104
946956705
500033018
951422815
400016143
447500291
442637621
320121517
628779062
915646725
406692673
990790357
418309839
464982373
265751578
868269333
644276944
543028212
662637912
105193642
610499613
137613972
624096741
676772617
89474338
556645866
108303530
131758279
991712252
880213575
527689420
916103477
286367527
468173362
209612526
84543402
79761678
524726418
509052744
867597338
294496636
802638564
247053272
138452853
45289248
405653607
707077271
466169777
895097783
785491646
176116213
545704903
552626962
134577059
536350322
450995395
55308433
855897927
23970061
723846747
197416574
118124603
45312793
8395844
522513053
609227766
882012844
57737514
317746510
366742059
555718723
558196658
402660910
593921251
323452879
784405374
891990463
100371934
176431843
408047372
136896333
654661372
127934201
144942716
244245623
194936344
28066864
420864555
452421245
751754335
881791622
280121585
512303449
815105098
466176451
800246279
842108570
401502260
447843524
768903711
555566778
944919268
616567711
44922002
30306095
986871482
125770771
143913058
680179284
717773207
198644850
79901443
726273126
175379134
249541454
800633365
112433453
30918858
548160988
29858264
109648228
316798870
826647177
387391396
509753446
113899039
686197574
728420406
550470673
401049835
640892559
496244339
699604272
569010757
412091386
178141505
225049195
476096576
24062688
487650158
931587132
674635825
38138262
478116137
961591132
293206780
598865242
665247383
12899799
704052024
367472398
93108061
937559720
478696001
762925723
660748802
567176577
4304253
913093329
441439041
857445349
114204204
727159857
839260100
771907204
495666101
571092794
252170315
34227252
317764124
662780557
355144510
56724557
679868809
942070823
780371408
19622027
15388376
372871301
490673961
420058047
136848240
846362321
27334966
443230260
543186955
390169288
307649125
311200477
223736494
888367339
483552629
783893933
886136164
491416403
13378859
520183925
118279116
140224068
956350117
608802271
173169320
616419555
702347757
788627987
994486803
474473420
867988629
428473532
841983933
454211848
427142829
99178729
35545387
996822599
870469724
119026482
609281126
985855786
441858697
113647731
757431312
657979946
275654019
587849332
204441655
77060385
221251554
280675121
78164766
602713845
924208594
424620607
510382868
955176358
208787581
897573247
588425801
303221550
58875097
316772590
384959217
788815355
996097132
414964090
422058821
197097084
983885692
335722122
835142363
77556727
766315538
5816107
907524812
133632868
285674870
357083976
441074914
825508732
580899104
503560244
896946659
794779520
304086878
570057264
27886781
334671799
362232878
724819879
520460569
472867530
440577741
266478131
194543722
19203498
69117345
14048035
468080231
584822034
864251697
46366818
336503421
81532774
812722988
84759327
768350928
854877485
260291965
95845394
53780286
587629993
19999798
129156054
412811039
742952663
128461961
277586801
66883123
763679458
443871065
930283424
238051939
176904412
115085036
144412683
487442071
936257639
862435682
234868702
363331328
213621275
533089719
337131949
114806057
898063571
32345259
899362478
240755091
511623489
331457035
225806927
533417840
556894302
781778666
842065694
473863906
6799997
470916288
212813221
984511670
119116133
323066905
739791297
534991127
81841500
120556420
907650397
96856316
657455742
848270557
532297644
57112953
558168018
714287008
381135304
590313905
31352195
802847850
824060849
868649640
800667174
680661316
229350443
107232783
108561204
813012834
15738824
967883543
823059754
223115151
182873773
303382532
617015924
781081883
75673470
533691266
857397790
462363738
144488298
196776885
897268393
759711917
687907604
404123558
761347492
52707796
535138317
408180183
221567163
935643221
480352013
678231996
994937074
599727176
119386592
780725446
527487752
674153048
366556164
726348752
91920247
862849136
95844208
826825762
886880775
121191598
52690230
594411624
975217302
882000810
855482076
477213245
464565748
853469791
16477602
499623507
304200957
339899370
382210570
689461813
110415526
913831630
758140644
49326057
887330835
242899077
831352770
17398008
143523042
360609891
364564781
262407954
152050518
7516096
768973946
381501354
300065314
906129242
507629417
568060566
829121847
822475724
144741176
151930137
924734854
679537839
674425327
647782023
677853918
83031069
431784711
658394564
801687804
447499128
423091080
366404921
124869876
34956322
247868223
595927359
34876752
496492389
219108259
765538055
616539786
368565105
923860365
807365323
232796846
48869535
449995100
777724613
277589980
120312576
104331583
592733038
35014880
670526038
329919788
159100362
382643619
525265415
623535666
43741102
717294040
735219669
9050623
435460402
158707438
221220892
765338887
771111926
807309215
644294759
49466339
97566762
67524851
457278650
785781584
399631816
430567343
318421989
189120799
277471233
272015394
563021073
882225229
332324915
572859136
874309251
432468783
63669364
644144542
672252867
642468802
425378098
356632223
290913184
705102916
642923644
272951582
472168682
786962709
130468290
199746443
621527240
647863672
902645014
930267890
331477070
355513750
613068874
15005590
736343009
561673180
850507695
624654011
305391272
225192174
938682404
20293166
410319667
672652752
920885056
400492263
859714543
952347185
903517204
556779691
210016658
79833916
738830484
566476212
763666511
226270836
887885462
620075409
16743819
678965332
435213344
301370926
374713656
35858319
375346273
78317650
463225095
588929868
185141031
754482092
837068356
235466373
463948168
63737319
786264227
68961776
985357008
648831439
781014385
88718231
526635977
36251083
534079880
591877278
537158442
682706
736821507
368359547
616530706
422978967
836626799
611173884
378163365
33059013
572050565
962536914
363600747
446779114
59234017
261195158
243424616
74152155
527732403
284013689
354902320
281204521
385855978
828291953
906832795
240321384
457739459
940663859
110352646
857007470
551727861
55772081
58495275
375555177
501421306
662059114
114753891
21309609
313807992
98568159
363629985
938182180
995941564
95300008
270390950
178278176
374595045
189846889
743447628
857404128
568886504
471254862
253754076
735210968
69834338
179647504
766570624
998079215
722599788
714613131
774338693
352491009
201984768
733833516
334297269
509958109
51681364
818269938
970551156
914979927
730215500
10349542
584534143
320634954
875201555
397036582
555121023
43049571
418107914
366196192
764245220
569719833
799134905
490598575
93507770
213017942
130290223
147436599
918274402
265882003
912838661
249179837
165387387
614952669
463693450
77659187
695382180
475270864
31222986
778715834
111677220
851307640
391449166
136700779
308447519
844906553
182562307
363540764
438644833
139831727
243199380
790599419
123111144
895223725
547693771
767276733
773729874
64509733
528819374
579887532
681938816
18435051
393235567
95971328
815847955
66472168
299209714
203940502
244116502
172283344
551185030
315324630
818899261
810164582
389807694
318284639
28162996
889071432
432341798
431421185
784042601
237315593
479017650
726429525
656493480
62423721
621932620
18634391
448575653
543399001
452037694
747863619
915037220
900160373
120579543
941773589
434231933
779644003
324523005
797165302
599735659
616465442
119065497
826532722
256724789
478881900
946867991
949479045
736307036
311580038
953545858
367756423
424265295
981105025
52713509
985661777
121611659
315699447
675997639
96804621
788617877
31589455
495509376
84499366
694153695
509981361
442477728
780283513
689854409
911820488
523636824
376115562
329877413
239882315
875262786
278662352
963799604
903773685
572488564
88556588
957385723
834363137
866007227
486788470
334098798
676244728
954662150
949406891
671098405
359757369
68613056
566870909
954888049
451124090
70801651
257407919
222829575
678165235
227390016
16085830
919088935
70836252
631925504
110806244
452220959
533031180
500750623
920286746
82114328
56504253
479208197
988490729
630189111
199041573
659679032
560399941
926016292
534808413
98913174
867329796
885864114
214039347
324196304
601268889
615658288
585613748
285687013
561171377
6639262
502883946
267824408
199101144
513405182
211600228
132112564
65255797
975993718
46322640
948508844
610008005
110587835
869366768
761514166
913535489
75866151
624597186
497817144
9429074
353635418
463219077
487785342
56140973
254485687
501000232
820497915
115960018
965333275
910378418
56570098
24338621
830288795
108017937
626764022
408607797
611519651
101523462
641283625
980944729
299080862
185808585
443665357
620432715
579534820
48875526
112212328
254933208
225529669
961488506
70360314
868265057
779431634
257225938
311758555
13418852
630819785
854339834
813926196
186744782
145942807
227410953
367973989
933413410
304119113
111830909
286875016
200584975
475327613
192024851
841232963
363055871
878982770
523407677
819809227
278599037
899664399
227195466
248272696
158475551
618863377
973474818
660843280
800563254
81561523
502928853
22576357
129205158
445123389
503256422
85577599
636146550
186966015
569238544
152561623
7723243
955526281
647492501
106824958
903718792
797385560
6644571
6155153
370441415
453769252
785387867
579386207
846104129
628364247
740807030
426546482
666309288
680467958
67528409
517077956
810370730
352548414
166790603
576483864
311065562
103703736
132431813
426896308
103383929
259424280
752070550
108471255
448723638
528594180
90019268
563823297
480302115
839596310
127621380
182327463
711484950
738608154
331764618
893365692
384504198
583761963
582012645
891491008
295966337
734099507
716862134
918626468
95109393
568713361
708724108
581776894
224191245
88916455
356198029
228844145
40333238
423382261
965316694
631701551
996300536
686091471
92630932
508387205
419301600
308145393
62042165
213098360
334391902
159992715
348034961
825618746
75399333
807195157
667784178
492119002
877520595
363931147
557360973
242204997
257873514
251128730
708177333
775042635
298742321
145422361
277231041
530075744
13840230
122985243
133710687
800600225
348428051
989831435
334093314
584075140
196106121
361156080
161450138
13601783
410373808
582600539
34807231
889579433
380380017
135612247
193359371
648190486
100440618
769277340
38193371
965859591
166236842
859357325
391035200
621625158
939066429
32150400
126355981
389602940
171951455
268093901
433502701
615365083
952684607
132117817
6059321
907276638
464561166
421955048
807489342
524205601
138594591
925491098
504828865
98328405
629051801
411625226
140346395
657794937
106669981
446504000
84865382
196312244
677981694
83078654
231545806
142971656
683399977
160869283
841106386
737664948
304665483
704736911
933928550
372142505
919680049
268271015
262774052
10092310
556203213
904064078
158156421
343191339
23242378
378580448
600522053
948487518
251581923
735057496
785397728
390614965
208207876
98910969
37291783
490750535
707037265
941272582
249236803
329836371
697573068
790303481
237227050
138359096
262493927
596998729
507018097
31023561
367442084
583620663
162123
577317614
646021352
3543832
579125955
767016059
687549250
30740243
255188821
226650066
464648062
89437542
731194072
277339970
6340378
774507852
255084097
614037445
113909211
64179800
426086384
168871721
401117160
417918765
334652596
246509479
588858490
339996054
652673489
136860747
263588892
27227730
788398455
431709773
191890176
725233885
681703401
563803862
153658070
48817374
720808820
471563591
111438
872938466
661500336
313306633
114678387
106818950
802742336
198170698
700763367
929589021
659144022
512926528
549775616
249623649
389106152
412370127
567974198
170513449
869330823
157386551
643393200
722328333
240214818
814168344
109042571
313413415
909363461
823551906
904779227
292763782
595848797
714485218
771988549
508326447
752646963
58826311
644309935
97507949
872033338
481399569
311657934
115260283
942305365
781856577
4032224
990574289
81822257
235612828
132438775
543906642
748530462
385249286
14532675
230511545
147037627
655202939
492632535
125556560
45657497
713890100
359774911
570462872
47984427
167896964
843740368
909843835
661768205
313392200
198297887
45450312
965172608
712036865
70203902
948458711
121927743
126134519
962458400
984478174
556148861
345075083
116568012
653491620
2286582
568856606
175780598
554495961
127567125
831990169
992744766
260828619
525454584
655415402
916014529
938902138
418395210
106834192
58914630
981203721
564013534
382648080
600241442
172720666
665826365
799410616
36527480
530011896
147768316
50991080
954084985
45950746
347558749
57353181
507734142
535195063
7405136
51552873
451700279
371897008
295600686
824032669
188006958
677476947
189730413
578814074
27220808
86103245
880744284
857380995
387111595
456610402
84934261
999456528
248779262
82395725
845481407
899693828
721808669
303177980
681099176
938991100
559074475
123745700
822788182
746750419
532837643
188436489
306669876
239853132
384784105
993191618
181135595
361617366
117327930
333510142
165616502
170721180
65698446
180165942
890023502
401396759
822171864
125712028
304103104
842767646
741174357
157760430
484726612
40189744
159162250
68290166
996552464
832299495
896619554
385071657
176605719
389919079
397353756
443413500
682439410
49005243
144882300
583338980
915388305
358395027
1072601
285809340
824142688
889612644
938557294
65053043
70295956
141105220
526464830
454750748
894500541
485063587
408761275
43540750
290440201
198128576
347323982
406591506
83455166
117132049
188821822
695015735
758880690
395355875
224765885
9472700
86857600
319781818
568930332
60388411
335742293
26672713
611688815
442674094
933123228
721997533
329931581
150283891
173565743
629628553
160656433
765725152
820616840
760227424
407594096
108621189
821180729
500091612
936212173
98288620
314890375
755804995
241757538
972859620
58628729
264011486
332809078
120252089
294747996
732278790
973821151
39211070
535952439
206226755
807443605
755503842
829751430
666458970
48689685
722223444
624829042
99653642
634495012
701359329
1482698
90363747
58514556
492589522
195615647
707694150
451141964
371209969
485954448
556097995
490170221
543634455
468850847
651663264
130856926
82079332
615810128
990104981
636613642
801951740
795525608
165707434
906036726
745691583
123871589
998142380
784213943
969576940
366695722
569911342
722859374
782507739
417715145
414399972
530862183
553640043
774538828
775697729
571488944
467812424
378757079
421675623
199139239
946646425
373102930
88695270
347751872
362709217
140714864
615223901
81827449
322874772
12600682
764738477
269955644
659046244
662550260
779510125
576424175
455356186
332678772
432187863
784697865
512919406
430076162
653077510
484790753
325228953
777131456
252839938
758184200
426866680
752909780
974002914
592113095
205567467
818713493
982929100
290665907
844085671
63878993
665390429
269590274
606218526
52345114
89014306
414822630
985002826
784040437
407966667
927971045
28603732
854070443
374217531
287420032
977755721
595536003
899807401
276125011
913877288
732536072
210013853
387195350
509775618
132038774
825067267
603647790
795658102
245050445
836677816
114111534
962633745
991039364
308403194
99936278
296812392
68844010
153547493
190349735
604845762
248115614
813365671
148914273
983737556
200505439
493071130
54571784
798413575
104623500
765541254
670305379
916271269
165985446
136133469
925129428
868692116
514561306
108202051
426200726
297639137
724540274
909085206
441887415
803332579
380966564
256289441
397417583
723175311
797493604
822540079
871850592
704954841
301710766
436932173
65421096
606690364
185570370
527931724
339034442
877751203
299297578
680670750
180886259
111489439
197261089
445350433
24217636
944377547
894776030
820239916
867716697
946058280
432589572
300791509
19365303
995595402
572322568
446145463
501384964
844237698
678534557
992133929
731909395
207850327
177530798
905336303
65605526
765943149
982503703
730953116
168054703
554397516
974990726
14400203
506043357
828437557
59031929
12185789
795609258
571612984
50563988
572905751
303262487
953924678
646638291
427997948
438778233
879896811
853309235
672517979
803238892
953852802
438618359
694883209
678999855
15441405
471151126
864768193
137180502
781217392
205689586
723683879
400556323
936370963
619588503
68744196
830478664
358683995
208285414
47587066
724880156
179031039
143061604
47672366
218055031
243804235
11957747
50853236
577803102
8662158
348980088
530499059
893065916
788619907
858686243
849578261
243063724
658112674
358929868
45705631
168373169
611888284
500182283
312636023
374132930
220036094
179791724
250013939
506259241
161832651
46833
225595740
278965225
404713752
736298393
959295715
368838907
437704707
17014505
347460484
760318395
143565115
67730802
771213460
366307506
842121040
256580481
200980991
43222653
32129794
987052361
77858252
746100341
551416354
262724873
183540857
777645085
88446531
255141371
429157916
607007586
74669583
841231633
695207630
689092661
201045156
974160161
294501199
879328905
691426259
767121096
659927531
441955340
944948054
893352591
164315691
137332242
184027925
373862373
760730467
626808278
4934742
333830208
102514823
684745267
148838196
852595064
199842795
93431657
495313242
83042522
624275282
737048979
689492735
275616511
957452376
807116461
699645575
115706631
208646682
676967401
422746801
229580131
318126636
667573869
104939286
630505615
223557007
19212977
789957389
69931169
452581052
935641868
457612142
741309265
277675539
410819042
475713789
240033942
276174128
739386707
177497938
353058283
353245720
356015732
459945760
160237698
170496948
799019938
912853275
701818757
487659575
89858651
11817025
40243651
710672130
109927943
161475090
639991469
384010238
871710831
710496783
310354561
684306742
368483109
545753593
577981214
61728317
26200896
917290015
108180292
415002282
709446696
841411528
423735601
668472555
531274428
685285748
642767775
155250015
887349578
557912678
717754922
684307433
25591677
622585939
261548589
741088492
69132444
120333281
659341940
337345638
204288364
441160773
475562367
635546613
48264513
580335072
613809008
924040915
546901879
549871193
63007710
54122577
45547536
451732729
917284158
9741693
519877079
610590757
167482464
674194878
862571552
370952145
447673774
417904177
89472080
518695660
81834447
794995227
634507133
905076976
795042509
429175707
551515854
787537726
204844421
196876184
418703039
985548901
371988374
476683979
159126674
824869403
573114836
669870435
48618402
85696554
133434519
661033365
54859624
548194583
594489429
135402290
521105857
580804711
64580740
367728954
110077459
526906855
648435404
567305081
16587334
196405584
99263427
518602448
662704010
9081306
744128161
410220377
151369369
89841666
287876621
61712456
114130138
68289751
428051068
184082426
496882102
326563709
735539078
82390392
194323185
460121786
178244455
14867620
771986288
824830889
718788616
877733315
791632540
99885193
24183953
378267366
781003820
704130854
337863139
519014505
145695068
4123805
589313931
404658353
12228822
518864889
424077534
120373192
768599626
532756055
964670620
510554068
685051111
787169588
105494927
379229314
768594680
656650055
399012452
758334830
811021443
758684992
608248305
600080993
771021617
436969499
545275531
133127768
593415180
614873592
489151380
599842944
272120790
186927998
77770472
856739037
335141724
24832834
192087029
738774962
987823027
938518410
411529655
681568245
232699195
200627756
194347880
875170651
877633054
461050982
555834676
152513660
142071327
376934581
855722795
435031606
541867654
484492429
753748426
36740707
966234438
23839430
30320246
77223692
818468656
369942357
449014612
124026904
106532869
644051332
46134622
728952543
904162644
667271536
673100918
10760077
41944947
32561522
800653916
250812688
691426733
775087614
261725796
778944316
656806900
887622720
853642978
632264217
715609763
344863541
856148912
154329084
441647790
70922498
933978379
416639930
316109221
120618316
593431400
680461710
962518273
843280038
763012113
112705532
747256826
454085504
451162868
77048566
608566777
510188956
991064668
733687522
28059758
94412591
387958960
458867006
356972043
352795561
232644360
633520980
156167612
277016828
870260078
97494876
652315427
354342232
250718671
258766661
229864830
808095435
973392417
275929673
132820238
867209411
10037066
982222374
297623907
468569664
220787877
723085301
284695534
284274422
796579626
493697362
487729704
328054529
21947054
289927872
177349661
8450391
291800835
591467744
889550023
33569794
5285753
583799722
862123089
630590514
502970853
935491779
82549966
935821178
176308018
828909313
545384080
603005742
535154179
467751395
353042676
90938871
548731880
34905520
979996165
388951243
163319633
428970965
612405776
962240808
474893077
478712887
46728725
976623429
892457182
502067226
573596897
181935074
559053968
779084551
866252898
320813673
376943072
205452454
33173649
789727679
504162493
281527367
723982828
337046294
822686119
31377578
229459931
445408883
6586786
620919814
176273125
35441240
246423970
299192374
59990769
533497649
750760518
565599901
67893063
203366793
339207574
285592011
318977832
941239512
47934382
119769227
562199528
752398874
184161782
476113325
305563131
759121318
144623377
526587413
574541004
224177316
854811752
948496012
601362003
33141639
606240678
70148709
20829960
49303259
858669918
368182564
936944719
525287360
199386703
17828001
927964452
65278828
363075735
5815596
544431366
977632142
459005975
545140379
802090329
770285862
956037096
435804196
287380833
318938128
273934384
957736367
78164482
36414166
773027145
138645312
777958945
68524257
74426116
44249058
457554522
772889925
979872419
456635868
719962745
136482948
356372040
212984797
927727277
226562250
343229619
519130691
950949523
828310665
73841732
959925405
214620502
501733801
264690216
209827375
193521829
24117023
46353434
318579955
696571714
347437401
165340992
835191904
117213736
561735231
538893783
42250060
865628419
562613355
265138322
944188907
226292266
893554403
615707750
623943004
240398505
753912106
640226820
44587201
52778051
715914102
810416751
333044783
934262377
540321953
630204555
251587459
828101048
52797529
457323692
395318831
956672446
376713411
433485899
125952447
49857943
236804249
474793630
600285736
124191346
77330985
60215616
17533884
486728749
684873020
148499220
450392726
18173854
91243460
811465418
423616807
819385444
746012744
19635800
892366118
119038225
806645727
230470178
599266105
960100883
223417023
168490605
83646420
391075802
156539325
288967700
219608033
220800016
134126896
560395369
494669619
3088996
170126822
813741775
27643260
743803068
595854689
813512062
816329232
565360119
539865705
197473938
875219929
351343331
594818514
371366591
763795333
243898543
804013725
884547729
357371700
981884888
67947646
120743274
753138281
726473349
393043448
14510942
12728661
768197883
430133817
829106517
919329483
818759194
958047229
860371175
250942974
733659888
918120189
968991406
115560372
897955316
567408543
253484452
853112763
310875300
53453949
752356397
470250843
766097341
633546422
583771306
384535377
107787416
47364869
930877402
838127019
55567660
563253753
497910695
788762153
101931118
257328498
35484475
973074615
377082400
192633081
119314916
162024070
922258672
12019905
741037673
7996089
246281709
848673972
870042608
589960233
529637832
303325609
14816132
492584628
113362189
253294212
596211308
157735232
854202404
444602411
130092342
909596504
445338313
820516796
433292985
31130496
17214982
569393776
407040778
44435082
643597665
863804294
969315538
475301024
892627175
857150861
814216751
775135373
64411309
22090853
559274018
182497607
630632933
215906986
294328850
130142909
966497495
150071135
892742945
655413604
92816965
694581611
905009563
16537287
355265655
945324925
991993969
527085322
145941557
206402203
608714494
845384928
632676344
199777311
933304294
617690148
375346416
80721051
54996409
699656431
298163423
153301910
357803548
650019636
630709963
363066549
58447916
727076111
579224725
279559802
660351156
326391196
983596734
128677379
750633480
223450813
736399135
504982862
184567268
848665586
729099106
426984760
589996693
935399630
326780301
80833528
4935123
340233675
351402342
439132744
750217316
818917053
109194726
77703922
885716834
679166612
877664079
982488157
469671494
411891864
326763967
599286568
304022524
635943233
64784490
851692979
425390798
363059701
736332158
379300423
170745065
467133641
707869433
102156051
97315204
134556839
782469938
575372316
163652571
729692637
458020620
371169492
598636087
315828014
689339561
848704740
594181806
614654892
108427774
72443540
521306087
651103027
659393324
53472879
70512907
492433383
73376190
16485461
45752564
164197522
151265859
852137812
104743019
272308371
399139640
748499899
871576945
607758428
163674264
739781819
730199450
386092123
502213674
887464786
139708465
319018593
626309639
214243657
610550827
643862601
21616352
174270299
586199363
745205152
331338938
181412873
372356349
425810285
177948191
123504444
269987306
836684409
431941507
146181289
940610633
215783264
362416843
876257409
962905584
910365074
832297490
508416450
117843737
619765225
98448625
856610763
119702831
446281956
647939168
817001217
329015201
135575829
728765692
58725181
737596603
510496137
504383372
846357073
584626761
84287102
67094872
234599029
125904511
805724082
920251839
288410957
245341598
80613924
609017989
858279521
456252548
719954446
144485302
146423113
709979307
203070017
439239214
37669890
757649012
21896552
795645827
38744520
491602599
995291384
112164405
449491347
901082530
232381644
158515393
288487871
390551549
289858811
957103659
34175714
13091449
777629927
833686025
577709147
577044120
137353566
749441815
876995050
475535989
192211567
684401481
813277835
27159690
206376666
179514135
672521488
862214655
22056629
338576319
413507461
562815335
719353957
642001267
157451941
387897861
431976113
727804331
933516383
94324099
462200407
753889250
463107450
966175422
386462587
79129759
79955529
635296528
933031790
539704136
983972471
646733128
228944829
378024157
195378873
23200826
34721053
27142943
717888415
780440637
828648761
668275332
364031114
90022695
182947377
392961313
988573066
14027070
115721476
103641528
293923379
757842753
337639314
52155024
189138970
375849808
951295807
205854912
329245
31631999
649019893
7898538
399720630
775780594
171222421
900121345
464635947
678799315
939932919
355840879
668675036
639405301
476724319
44142476
20735917
409184783
718988765
946670264
128270072
347475672
808561689
12767385
626053573
560014758
540191483
584878912
820200243
200932586
22658396
153529562
243488487
148405
346759188
858538405
305327220
89132435
691206595
370195542
409327613
972048928
111208745
213077834
343916489
118915124
885170867
447538900
91539084
337567045
985013588
964917371
717235900
551039267
12969536
83143205
168970816
919123178
853379775
858083759
106542839
811617122
825822288
408383855
349715173
170772
722681357
85543314
498392064
289196348
560506253
210813360
939607617
183457459
730479968
805790855
895022003
659340833
318740289
36800183
611342501
64625637
122312833
362912630
411993508
680589606
964582698
180332661
544586088
76056080
314745173
462878628
60826293
105290479
90555425
546605899
663281205
179600858
337096371
309825189
377086126
462277385
47658496
570899097
937167061
321727129
697012535
166381360
347809126
177493548
279275553
532450576
125452361
441868551
486285331
822281282
817216707
448766915
462972141
839520706
856944952
648471482
173668027
201232094
614038411
484649842
897400001
824163926
453581132
918622321
818389342
829890537
63968094
369932358
280961419
595007958
614889674
552420132
746331121
928147098
47064278
735338250
61579265
23072648
673411985
796412205
34357684
923977592
630115865
908458276
642493140
834426864
144088338
124121528
903899859
545611335
334534655
411758739
236815739
667906060
393106129
67990509
841141715
976934382
823676959
652039929
19014640
396969655
784784003
813157125
145870367
364416942
925161528
408196816
146612925
959687366
863371392
928961143
843816711
45456989
638919438
693738044
759564523
3635224
967667652
696568433
292293634
76984527
532263304
479960573
541750857
668968897
283359834
102979570
53297155
850560442
363689193
785807389
40357873
837422706
748575882
355644648
665587913
86715146
73041087
388386772
59168702
163445953
404547558
297580904
100323312
945199045
816791034
884415392
280667388
302701304
905035163
299312840
144200606
11009804
944139342
186231889
908663322
941217615
472890081
819592398
929321328
454995065
60274135
1062717
474194021
260075508
752819889
463204877
456147364
99610605
704150731
26440947
449838456
85471130
432679223
453050797
240711495
926389164
359217176
579523893
12709084
439167244
182575169
934217467
933003230
852674794
746886327
876581174
961972998
623282770
881263902
207687555
943810510
309024828
957804328
72901362
980490922
114397554
681826013
477060099
392629642
502124441
742230824
733932123
51122893
229003851
577028333
79042879
328773507
13886996
116002827
891845560
605449438
11184980
947860149
444809375
313568996
22224612
659877884
962043280
657028697
320397605
181044206
618621021
195164820
720579349
909811788
916132854
780106766
866751227
106294588
579724790
301239091
306446458
572812678
886468223
777364722
671352884
548840050
912456485
475420168
747596736
724501933
471709441
658433810
106790257
320499085
739134919
595169385
826004547
324127221
233169486
869379074
968341108
277925190
104714683
943548866
999519992
108397288
205560269
697736707
245616860
618996486
63154134
367587098
518882245
70284895
748181571
963889190
261961940
452849230
354963642
164359728
729978454
173801067
496773149
997379354
490432774
661395432
697668752
458002244
62324060
301435262
308525161
356857069
567911190
466043062
705861003
499189971
460212346
700286375
148213996
99083899
441737577
432488960
757289272
418197313
75746607
201378334
924410444
669629910
301082021
814054615
197599268
41179014
398932542
208266038
721934634
272788088
19292318
561915085
266732667
177562980
91714108
693238257
949579002
268800688
575053575
42002103
993182414
26443967
62122087
994820923
440555897
46829670
525722397
68602621
598511286
365781254
587338264
204856367
604674028
863770992
409608824
610416333
530905590
928676423
353494965
250109153
752015870
982443073
711944706
23276305
948791537
66261962
706739697
442035922
151806081
987209309
568199641
19071725
1892181
737115009
651775298
73350139
140172795
94604806
885075662
994912112
973169420
615964966
297499953
739779855
697190502
802967660
483202450
193402774
377664707
242048595
776708747
738304363
313895153
61494370
596242383
887034179
551968979
960758660
334235405
470209861
77312867
169749234
117092622
673655880
393566754
219780296
968540610
335988010
215976107
456045497
180510514
238794165
914078559
613309053
111231818
600865745
282468021
146664008
818239347
456408219
41349649
326332762
794475074
836735319
80564455
570571084
73724933
789863190
634212223
36470478
364957860
633457188
438520537
843767433
364725290
812599070
149553148
983891446
639451022
245157166
128348947
87170641
286094611
969220022
17447259
971284599
2549477
46870646
214406029
837548315
66707767
756933391
879356287
358656955
108329203
208739321
86467427
559100217
201886425
80982715
719342454
448670346
987420605
971967866
748799711
822571357
604561360
910622141
503350196
868658639
951913367
54789019
716041417
802716309
760734909
701464972
629540952
42851495
798054720
870303525
473203536
792863289
310247166
26802624
293114276
44150514
155830583
55021366
764603661
151586779
803389311
334461288
119141795
399863070
22286027
692079789
806560149
732622957
315784979
966050316
431289692
721523397
596557348
885683640
121275054
307851575
773315402
540929770
108366639
44947595
312963999
798479690
422839727
643903766
920497929
336499715
226267454
476539119
226453370
453745684
182259069
709470639
36800107
610065169
71343183
207475164
669122267
359060708
304271286
728940295
52815577
199129937
997329133
873496
441440321
878958309
905270228
102566648
994241551
647490350
70673101
37330294
138004912
959195802
44106185
410793080
39370455
274273909
221682101
719922540
815262582
172547814
701165026
30799471
689107326
240498389
285178847
610360003
938672349
644277359
550003117
925749309
342592426
340224753
201450288
340762744
653530437
654683901
359095457
888297729
313617359
42082975
559419540
273780792
169294201
59287579
599885201
627829120
336862129
667887189
75941232
531978484
780936705
576129049
144645867
697555421
493710352
706052634
779469963
694400019
476466
565513121
609381603
527089078
416090071
19068665
304967830
343831999
53396763
377188451
827548591
505070965
517830742
577543150
934616188
398877558
284149950
852062369
984256165
119810892
114979536
873262899
819278473
741129725
762135475
618457617
389296017
308463888
327041758
180174033
26008939
986036010
968894749
993034889
487453517
128630561
963763354
649025004
886777693
329154649
977289649
352198487
728018455
237331157
947623220
964732388
755710266
4152304
861275202
58034165
422635417
505032890
25387864
930541651
637610903
176026769
42419595
129046008
503730142
604938698
810090966
945522160
11955320
217084069
750210008
903112919
204412637
736838506
299556671
947300929
990438492
946965725
444610736
122526970
21450964
335056408
383905400
50160790
677281415
405412805
600380282
713225968
728105200
902275794
167238291
510841492
73335338
38896035
329105066
498453237
962825890
925453085
13428021
784923168
4619633
125739117
966409349
23106382
447400745
124073068
882411217
163257937
539529940
996722524
188509199
735728268
174160850
101195089
126296046
382275395
778975588
975373982
13332854
746977890
267996868
950152717
528315527
701665591
853860838
146353590
334484824
721732769
967988905
446395241
404436516
371760235
937319100
375057886
733386057
610809866
702563780
917337832
704819189
169291249
655168246
264052353
19660747
311650347
987745574
991270908
112017330
479590538
765023553
559239260
391298479
958609439
926521479
642573156
31772129
418227647
231065076
653277134
337882605
846179567
103272135
320964747
768560143
76186696
569546060
26015741
100357224
367674382
192885855
72720240
876835693
737685115
643612252
108968003
414654108
507158641
452684344
878691934
723272897
290137859
204612454
800195531
343692003
493462569
43552469
841906503
945824416
797004618
401108387
270470954
375421757
406515013
152342384
410919242
805270120
732963446
950437730
23561724
657882798
435866161
535848010
598572199
35040976
523164354
25246860
62676139
569354652
103988779
273677151
574883561
539081874
115549625
717330487
200300751
347847208
610516300
63567312
869418803
636066411
987553489
57865607
323121914
516843913
24293676
281919602
873825532
892538138
508189649
393945202
137904891
425626502
29569535
699430866
802059762
463567715
111914689
901986898
399709091
374823199
876947520
469677857
518834805
272960815
420326291
143236432
631501493
574387955
592344998
601172472
142661416
557142169
859733463
270335625
248430901
669943339
480937352
133111403
111347203
747162862
22316203
844742752
577042547
317937577
637542903
387655838
659262846
362517849
219360182
350135553
623046491
412111465
722630680
233814975
626189393
695257851
533157008
113553103
521523585
11624619
101443303
441534959
115034106
81410751
323408918
252574269
588052611
473468161
945448370
712229015
152185305
918376136
182746763
316209109
297447216
912743
894043228
34433515
843964140
168791123
839485152
259388874
157001908
621149240
530247191
600382665
753277049
704242056
59351506
88349134
765673639
747816427
121881276
906690141
990219253
764204568
679460247
517820230
46362897
832129665
982748969
558171484
772540070
187805306
435795430
494555740
29586868
636241528
990282683
682788931
628437396
615717204
428331313
599192847
83358746
644084756
460408143
696079260
660697611
499788018
128675109
919503012
794798872
836357364
377747133
627382377
63882047
716719007
660574626
934767839
445687199
241792857
773487475
285477034
327021618
634659631
966122146
491052855
345678564
876360013
539887365
561513558
108202966
234557709
224417849
809504011
25009132
214665290
107002070
939977951
319715125
240999659
120089149
496677641
392176398
681408543
50576397
219937323
460209752
302183948
6788881
284089676
839037251
321451355
357046211
806358559
846488543
646759404
670565561
994182849
808369483
77328437
17391380
825104824
27846867
456815779
241738206
647946696
150545735
486431979
139510571
287981429
468715443
730433305
376030883
699656038
646063341
502231533
40137352
278609906
82339682
696545284
696206969
305114058
8507417
688710326
217591752
47408670
667040809
883218101
632634021
281433228
82250880
997028648
245589395
157392231
738856960
11458344
892816534
99245349
214765502
791265154
220195985
719596114
771471741
412268979
222484831
326503768
521089269
302010195
26984435
408349528
920264931
508448201
444461372
907133516
999571937
833953256
774093270
522633942
493525542
894918258
708677196
793326910
866895794
34043441
937462785
996993103
441163158
515647062
29150320
303156724
323849584
9375368
243977254
979425855
748190730
324845925
575009379
299199931
39517621
600209224
985737809
606502905
182430604
651997159
300179250
673567947
270181892
959607664
316798456
612667657
714202412
313835401
204726153
356629555
39050686
135345845
10908251
798864562
448932490
98307519
632525868
611189404
639008005
34799966
560455156
499509728
539400951
976288048
343654587
219116926
556699255
5612453
425174259
18656022
605106448
334497922
941870855
714476526
271397036
114717824
769636609
781460160
783902646
239596977
374554314
859786041
6530424
235170171
135153517
280440271
780513179
47862155
698828616
624483669
944441994
184958181
976289436
366982703
305255137
84654876
160326618
310470319
836872870
97416818
901921112
648548858
326642812
917539552
7181357
437982867
751587400
223598724
720350596
567148833
183505776
395060140
903820103
145614468
796963252
705870025
857844147
728856318
434392716
186956590
410832569
703062078
909319152
433355612
83702485
771833766
54372213
153233916
362512037
121677898
428978320
528999839
110974071
918384279
112584742
864622943
488942330
381306888
326642546
706047468
338139932
876107162
585187902
570944232
902772428
924231341
806929436
703800047
427462253
25286956
589085964
868184278
569262628
350319989
220873627
371306973
761795607
201263435
347808020
158905006
394262621
30315083
551975642
72743701
123661073
754967262
46880889
948086621
956156985
510316394
985431487
546094923
665242161
925133645
939567235
859262254
940660550
700233214
609242138
330584470
592992501
100842227
76668862
669332590
746475722
210972458
111578987
347789256
636517036
325778345
66323143
149051608
144443254
794227446
615313748
444402331
914831429
736398330
491453227
425258405
285414197
270920159
689780673
27044605
65121649
430378420
438160422
233765569
943306398
71843963
595676527
114110622
740284339
231613433
486600067
462576871
431647335
289978357
818829634
787427240
140884797
323804185
246354375
922487787
567788416
195559022
110502844
440923031
774799867
513507839
936956427
722063716
294785615
217057676
661127926
289641282
448577403
572811251
862484634
264626388
137070179
636028869
356585095
646316535
462695797
282952970
854750910
73408165
553889286
23103704
195370177
877047154
203764270
577152572
812622683
900921908
680291337
453564331
636247914
890590763
990912729
534553818
321923725
853717860
890805991
313282431
855399020
81291053
459128279
660241482
630583925
392229530
574398067
762297382
837639850
457652865
278257079
594827234
517923631
784223504
130268667
578123485
305393367
53381417
326289651
424413566
118590653
874237711
23074581
60404985
52775020
871993507
166465021
399394484
736695713
47118367
644412073
666657668
886218255
516614771
468071376
643017471
56923393
874221814
755893702
939677509
358132303
525932558
305811254
841378707
19596701
235229225
127674095
68308468
742627687
168579045
777078922
517384647
315454004
491299363
193771226
127786530
17541288
404146355
789991602
644949060
101863589
62830820
21594572
808213839
815924798
564993891
472617581
889157261
520364732
216640140
879029893
108382516
104770912
534084600
671206318
232988935
982342064
368791512
641136942
663127195
531617013
355165971
62914515
842299281
311814743
810286921
298475620
750924526
27115063
456330677
885584902
963774204
476875885
444028591
282855612
572960073
216252341
803743041
630129035
129806466
399845866
526116977
50836318
293462276
243514151
785988322
726793735
128298587
33748699
71679863
778110052
667717381
369461823
169635684
1636350
732330686
846037223
651358752
307891036
436536429
856602629
982994693
600108880
446739848
546774002
341104679
105464688
309475950
156898616
32604243
957139272
632723405
990731538
429738906
634288281
374315059
133594550
996169313
628110157
410778625
943908917
608446208
631269420
175925760
492244979
54353809
636896466
53385992
196160254
270969411
163053968
258906604
641424606
55445102
5410163
172769876
345415188
744766875
762173409
901509286
169440217
11389775
94882420
48945444
725797663
567185659
802440358
417793746
735446979
534482499
123265292
545526936
856502887
454114546
939271762
188214837
83353428
761726552
188139697
760937673
607330804
212027215
659010710
65330322
642578237
117168496
8407973
726365156
367622275
317123506
987837135
175631566
990177362
853121109
451146522
802321344
357987673
242619795
786932559
416715818
798580259
113102910
983537931
933353936
304539595
943442364
564045947
720391949
907663635
526368804
988325413
792185324
7612715
683839341
102809090
773996951
258305578
70377437
156051318
469947217
751001031
312934598
97315661
142237638
24639911
244597462
458822054
601463779
596207224
296116866
116556763
257408255
21455305
408015595
395798872
80281876
677759616
852602424
678047384
39646837
624458889
527964534
97493534
43803277
762269265
365077431
495603338
663718700
883106960
912170881
763219612
512195353
352840695
784190076
568444271
481095772
500709049
576057597
736730681
634825543
814142905
681489298
53320613
97335401
681029240
763576748
72129164
94082440
488583466
437825512
254405562
947317935
128774687
800131880
66888224
849411965
388589077
518846612
471401064
563487443
923549809
89839347
248901188
131606007
579960395
759063610
529230090
685835334
289725089
857121652
116279666
895206270
461349008
476811786
159695276
791428629
820236663
20064948
869627035
47875763
489064763
84533250
702115592
34114479
131398451
239050350
924812560
631037512
573215298
210851622
228171982
273686510
86685343
365120644
221884229
969604189
824669665
156580495
773890468
261624375
221845216
313912698
356373185
232228812
91856685
587541180
674803354
558830871
324460566
540731607
718303323
518369874
694295017
737696568
836102823
40138771
302459039
335276024
134529287
319403474
298048596
370888168
165390913
881235573
879045699
226550311
142570846
743942317
581707563
58945128
700805029
629802255
932582300
575060294
7444689
568836497
985292282
353960135
271265333
841647728
98581707
152857712
482102350
31374897
977378942
498440869
754956914
227467122
312006372
529006808
435123476
938443097
293227711
596147490
439651175
519047476
552355018
6465192
724773103
734296337
877500297
22782661
656094261
795200929
944257000
16226248
777105545
964837408
166276337
523149790
573448290
831780872
770057381
263440576
681964365
447837094
660834701
10881070
927990651
358121774
703476724
81318464
919824956
910744386
410438264
518428884
893097509
526624880
997227451
84882700
694397292
309148846
894691207
187598333
252167513
987134038
96098522
220156710
59501189
456587668
702843923
183250292
396107846
185262022
994999251
290230946
769125663
783925326
413758315
276929797
555013708
239406366
465922531
827580133
680692290
749930461
499733784
217164271
305186444
870593850
57728517
166533931
557564854
166844248
685116801
743737771
645891657
764222192
182688237
687067696
320175331
385747313
1959298
717666781
557426715
140109369
614561180
680893837
635342174
907225534
605656238
191905286
979187655
832709202
985609093
590656740
143907677
589740817
136880414
387110739
87718541
111736745
851744315
933689881
862821338
628643222
780067492
206673109
73885764
345466160
246948210
520159466
707196703
680484823
203494817
343423295
272254507
641331039
423326758
32477773
186063051
218486703
701959529
706130932
740919380
167329285
247199072
86924737
655174799
374188624
949063730
198558772
135177213
471677521
914932948
88123094
907081584
333772235
482667681
149979848
358482336
320991317
215122133
135690008
500288498
743286459
296120392
968796823
140171185
860524114
673905100
287240000
892420122
879199806
23648082
754796635
474120194
19265119
666307983
304029754
964479265
796439299
489726542
676656090
278488696
192646859
203398115
865636428
342715549
469090789
596422586
768222353
634379685
556037018
612813429
16708769
296901404
417385047
101872405
63517685
242359236
702684740
802828905
298630812
211752823
342271660
244077885
523247425
273937510
10275049
332530292
84168150
215352255
915404590
632097022
53047045
355971810
76253775
135416322
402436612
326133481
740126601
875478161
396481261
18796986
240847593
66304603
423406984
233352508
650462534
632045708
131074872
243109038
65200003
599790451
389870939
588264776
98863091
25584815
300234883
254086709
237827927
499880600
330195714
294599928
36678492
127608355
524942779
643443355
417799771
836709154
640809300
244393973
186266078
690299267
946097953
892352261
531638557
717255979
888507020
329182480
652066688
675774575
849756689
887398051
18093320
92213591
936587959
178694403
134692715
125675645
47119092
95070657
917677409
176660309
307413209
641127559
505427114
61176044
688588242
106188189
938960444
398344152
56613543
754518736
98438995
694759353
744835710
564578185
75781427
786598074
237477364
50419200
725410991
717861718
538765580
242047308
548056716
424842407
736186752
437450497
39474329
20084227
986627766
177119606
436883300
451034007
58765386
413322038
386873199
744856124
907676283
384438671
629933321
987924915
857971448
366415509
509843814
278208946
578834481
163179835
19848204
521777921
138766124
660962582
658188321
482845350
988579084
760666527
552168698
22468599
465600099
57937872
390196122
758648163
782241880
37368804
785242482
76362737
819257009
734889346
899762903
528247125
552033177
892250799
180871792
222847639
981766883
439142680
562706599
39311652
871929044
83035380
858744757
478517990
125599915
128830051
21624490
518067087
254826271
575723157
410764895
713148807
578743920
788604755
604026579
719513884
389432131
803153308
308421092
755253033
554866792
272177870
146271558
310278069
753210767
944745551
637368317
600872583
397394287
124618017
451434472
992424631
175286968
847991139
131086612
1949709
142461614
494037249
905243219
294121316
937086265
756767335
590441811
826563268
124616480
71097044
927110776
956953247
801168524
309894756
546298695
942554518
319898685
385630354
976691610
38375249
166189352
415697964
664355835
854016670
470454720
45174433
623441549
609400330
841833767
77855533
493380686
607807113
627417990
869451160
386911932
41336586
899761499
504650097
241258276
171697774
299444628
211677875
82620624
330391606
291989478
467023351
208730472
292247353
299139760
175707271
115067650
999689828
667863646
34759100
666598872
898033883
740400465
390364537
87210352
953517388
36744780
680184280
801740979
548232775
88898726
619753217
689608747
77946548
875586144
418372964
525924248
959123662
979132852
118656603
396702205
230214078
589960699
330448472
247736340
526853425
750437394
429822127
32983628
891012026
628629029
541525741
387433001
416030103
11186489
180243334
43267199
342340907
407912214
805758052
136680560
175648208
476900878
657064520
715453344
656391633
143659770
511113740
147018758
131050234
829018172
434515068
450348076
60719882
50281605
560335473
842502616
581782441
317419674
316060348
92188383
512917103
598391063
492676940
871871395
54590862
119057521
130953599
559378796
943501453
202649701
817439143
246786542
743467615
45841990
667180304
80226919
340054473
634521622
794088530
782541252
773946714
206950897
93196317
834921156
861719394
288139590
186465145
741051042
587193941
74187000
758867249
376474410
918584808
394929773
860225581
744406841
799027843
45712610
285669222
616663109
293771119
139271158
766155854
469490766
876385084
961255662
97413431
637974381
842550574
240328900
938565940
3344943
969839335
481801193
264796492
848524460
859183140
403970130
123145321
115131495
925249096
732468545
222571211
630808781
23900675
705159892
453035629
340287988
264240933
894157513
14759285
98683590
510700224
639506287
26512374
64354889
73839913
929353472
788217851
543781992
801021559
987337648
577709567
791124482
357910397
91325710
253378943
79823000
555365272
853175220
360590099
31920637
412212887
279746587
859184426
632605354
6648381
70189823
711832958
145127669
766793538
242606097
202205204
143734074
612457421
682754676
52713611
987376091
16799646
469766074
208519346
684314896
505527387
746464355
19927289
703475869
421453548
761692008
400537267
261591702
672710105
884816927
586815192
358024920
868630124
472661762
484223681
531868084
72927552
66161183
367452113
752178066
413503951
503822765
221191234
266876881
453884031
359973451
405335936
455926646
330465404
532312464
951687624
555693712
137836781
635406801
638906454
682537378
695553419
58317443
888721469
992964598
660577749
987256100
110909
864047563
555948905
924876816
918009526
463583434
169082500
441691097
444278178
182697027
834801226
786518109
40989256
150132061
769242580
808487120
113991271
88857151
713980770
529160532
871279097
44278033
590032278
740498147
677600842
124550031
308793770
576401238
69854027
156055458
746549619
659980759
336558336
857005532
519155895
227069504
278713009
667708156
568922317
73163953
744385496
794787497
438156317
164772834
23578633
587567292
113667738
93688961
110811432
125372831
45670066
363610792
615605429
697212535
380297713
545307497
315875261
335936243
345928138
775982937
277033928
364681200
278599862
913530174
341042015
52270840
988174835
763409594
203234111
256704847
936695284
982505678
764146941
858406905
242690367
618531094
476740309
312886406
641857786
686428999
323013087
835272171
318777558
870201688
909112724
904382441
66432421
985686954
544761498
876688303
407985032
882126531
820991276
610922335
445346616
753043895
80590072
1116003
222288176
523311899
3046959
818116032
531336661
938257201
316357286
994879477
424672975
36026775
59102618
638729321
430341
228763755
836702155
730198529
725117945
880583468
656535199
409089885
124038079
648856163
196550653
389954463
637547575
466178142
828666916
766384995
818674837
540259130
574338394
113878340
131288059
531175653
379679392
97626107
917452619
693582073
492664995
671111780
584550994
603849711
41860702
764139454
939594318
314446235
733594956
826808065
943952365
191193097
746845367
188166454
417663994
347683693
216824764
41543236
870939333
421810357
316129930
114169410
935355677
735545877
49177538
893160718
234473474
956163851
625713256
135274233
516335505
862393586
881866299
742239346
877161377
123510231
805722924
900789333
599586959
264748189
829674517
728287248
814472883
577957181
450784264
801797010
342462145
505097055
163346794
885465892
111056781
953986180
325797336
385504880
222355161
501645147
129187507
148463032
989664657
826022762
275761657
456458973
894372127
474293136
778417666
395334938
79899148
687701061
434744073
4267817
655218546
754939384
932840412
618181384
41615280
141320616
58679530
531866737
257309945
369159135
377325762
194872343
306907126
79830235
115437426
772064119
778431437
419762713
261115574
53339975
422752535
325951469
828534564
896450000
37366295
388568650
175530023
638049230
100537717
253736586
441256538
937601075
26265839
215808438
785516261
589820518
121910052
35823304
579827746
677115514
764598345
62240767
256034880
768483219
723787253
137963141
50129183
500567635
139774724
432633606
686365878
616643509
964353919
837232724
57537124
451780496
365599058
672653739
937473565
30688916
392535932
281645540
562632792
798837403
139954824
164607012
591113348
582688814
725466578
652112427
90004879
883513865
515593697
279728412
346695779
585801920
153326523
125979308
501310770
744742787
2821324
173352234
543171506
923496523
341745192
133148444
733895290
225049240
683874313
543099847
73628779
321286559
882287133
18240374
268782875
275670484
864576587
857320685
166460003
669562027
307656087
428210811
721399380
14192345
746014754
53417870
731933800
618025162
563475773
81917188
831118145
14517858
335987295
996937680
657152444
45708365
214323507
805106130
124267163
204103657
631757518
582432836
511190204
284665559
927968244
129010972
914880090
406760110
976720369
374244115
88722389
242014414
202228680
538295206
571901009
950937938
633601570
363160095
483191891
370442730
268849035
33116535
184317750
949983854
630697311
150424385
594386176
902017835
919667250
53158222
77040002
26158120
991332361
144857901
173264987
76811177
327779992
702770989
311953623
996959434
229793344
754113880
736475144
989487547
996818639
10935426
48573365
914716851
603664462
75864406
240763902
659709966
287329101
596962051
890570951
12437514
169857548
790042373
350773610
609452255
714537242
291850848
77531166
336711811
495997632
848167017
939584511
149619986
752732643
351366424
982942565
516972162
32290972
548487360
72741527
648649146
219204650
31076523
50552996
826636716
211573369
473671929
282231274
817129542
131268407
555389558
113866375
344235148
239187418
81030789
965795681
92101472
761214064
957667047
913103242
608046832
715912998
791861823
865498702
529943383
936732550
254330271
829385745
962842116
198163467
579231950
608011799
127113367
441108982
605111030
766012665
3375468
689894432
584487049
676609743
647018314
372593568
117782724
741803381
139832210
251317161
934674925
31565248
881640905
101526035
246054527
177909745
831847591
743919967
413092535
31604994
756673349
10819109
448138615
433530854
734027485
653872027
746314668
651621527
783888236
790386685
842658100
693013313
670933910
742573551
406198940
928049345
551613254
277055879
733611657
107501772
541513455
973920777
566141605
789399025
68420587
834033142
762232203
889660044
380704025
138763762
828285870
11617236
622852153
440839993
172158779
605104722
305489040
868378950
339126216
65691752
67659884
933799703
354094623
384121502
387219810
920874838
21736915
53088993
853970424
840681845
837833880
216726359
180628979
82351773
106780143
150513087
85200690
182361437
282485968
448299237
192642583
131531383
887281318
410666858
65440948
354385772
189516873
284814588
930709931
170925569
560402144
608537044
364971494
655582404
427849849
97161987
706922367
10181896
475917959
169530416
734385790
26431799
296088020
424720619
836779483
29850225
767515333
843417849
577212874
33139819
575651938
361270809
735195372
600690944
492071261
282159030
602924634
526477092
660838182
714881168
984269258
339864943
596574559
27465270
47292432
860912390
402703822
522164657
48703488
368253309
185493709
593995366
421620037
619410406
222951564
935455780
270493351
751848136
517842804
780269184
94521837
638099326
795017542
216576760
20823655
90818771
116168336
171566607
242404506
316053983
192233250
841806240
408187822
142934414
850452261
47479842
715744966
469736715
508061211
382771383
170606247
488524584
802700807
500192795
489311207
931550264
54995349
888862433
214662899
859795111
158969914
337687730
865882736
187446811
60042328
961576253
43135427
275132550
413454437
464619545
610152323
595678236
142833785
306664305
939199913
128132341
387135824
863827205
147359293
57465969
610383480
978745219
46159713
564699824
179705875
747612021
981396928
663759936
428676765
110237317
66156614
290660930
760437232
786353505
421973475
910170509
502705760
568019600
933584863
38246037
142006915
855888588
74030910
637451335
641651040
713637693
205516334
752299740
310995222
68983003
342119197
976599538
283899723
586959405
634329164
854414218
709593015
153111314
449423870
559975169
22302807
619596180
404792957
127034603
471827503
495218197
278599785
912236035
65284312
662266745
309440814
713851511
504188166
67518547
351327322
325755251
825665932
720970788
253297542
652178618
202477016
62605995
99454582
229355817
50069954
859610901
3414669
555767061
16108355
150182963
831773916
653147889
313145537
702105209
652585976
813513403
838867419
407547156
112679187
304476411
674487454
691950512
781285257
139275219
627387659
152656621
249849560
891025035
54292714
610072801
406635629
825030427
777456488
420685468
737473330
231625404
687796664
687038625
38600456
217802598
296130098
131925565
508320760
657065554
939853204
370575943
360276279
52515191
7036220
146148955
751678164
601585625
496589299
54896051
12939525
578748328
69711433
54445394
821660492
121017412
858586931
120903702
94946608
773248091
202612371
544538902
283000978
868642788
478484188
350468279
920205079
502515637
874611055
855416248
725347118
437326785
462235461
136020406
610836743
361306941
194982249
6613621
633462150
167411802
486578644
309541932
265858090
156427801
562067479
35040047
93507807
213639801
844456201
55947184
853967749
795723120
130786549
692231671
418778698
902644645
717044685
484772409
16921345
929204011
630731893
731644059
250336891
491662564
3123139
389463154
177073222
804791059
64298385
64639410
353795644
654148743
309134608
655393141
541873902
589502565
427546344
84099324
206077320
443373207
5234959
84610033
992607473
893807393
365721964
383829812
779753274
368062124
60193286
789717221
121373465
400318761
884128654
110934185
248020277
4015290
705964551
92037560
480023658
454536805
800749256
60213490
129285849
239770535
937038551
102321784
173779597
928905437
55049616
239401411
28138777
482022699
47185609
420043298
681940375
44637164
538001123
71698969
892203172
173383381
66659135
939575367
995936778
221883128
951099682
57065684
325244426
830164745
170593234
62793671
751736398
580324463
435503545
883811839
81191774
938029773
788942184
187249910
838673093
288993721
656942980
820214211
435692762
561993242
787338788
8777102
487865318
252813958
114516918
126450270
826834516
241030675
848396483
855757348
808742455
903417900
828239588
26734240
291268035
19611310
480762688
345017202
291245692
644092509
590712814
293364817
107509454
316119760
150263642
40262222
229816349
347780337
486615403
927350445
690102836
792165783
679187128
15455069
493780552
885904034
677953365
606953151
514285607
124001321
469537966
669675484
67044239
176588776
105158078
12775465
116359202
877462753
746285722
519631174
418127647
904870145
820822608
923602906
982240626
811406693
791130801
464113830
493513484
692259452
531188896
602254493
835540
950997476
486773089
430095400
976410576
610004105
45040535
875006579
60537175
334030125
522057617
751670924
479902945
927702130
951400268
814047292
74521607
501682648
759466814
863428777
893430838
479413020
928962174
861144728
367146363
701383688
410884411
219865503
607636081
47850460
502270751
53779347
364826798
371160379
445473896
951776630
51617554
538793846
362608901
956692568
714903865
11232668
601868718
959566056
971997869
253060132
956996042
372940442
652726748
824963338
797375312
981890082
7759557
565855679
71786615
217785847
807574619
602951071
616298682
818318893
359263
388660878
725606019
493708598
31078225
79158510
563173586
298027573
810533185
935445952
105314155
281456535
326487982
462795389
16333489
786526454
33760024
469040560
899707430
743396061
990717559
549298922
827762179
799877187
288251689
70513038
287613678
730375327
401594637
59961538
603738723
176485386
514965995
674380555
42782666
227202873
165740723
111019880
540812495
284809361
842859742
141548182
381392576
973822184
849551279
582555828
637854523
182602237
241665696
783776195
261818667
192343566
755425027
505107725
342677484
976815981
626689930
517848622
523547241
17977728
149458847
546458186
328152461
520406531
919155933
49387991
135276995
208251370
829914627
261827302
130450589
695224314
176522071
131530790
670293345
714015831
325452181
233957158
75396849
179489413
611523903
818481757
590130864
42927980
522011624
771645151
179287202
153425851
293396288
488958904
659866106
557069012
423162342
771126777
56909972
648655067
111697475
984712003
191145570
95542725
54768275
12891940
926470880
585134341
25249574
108290337
555518459
487326904
793624448
425166019
87187764
573880872
659735605
511222352
824976995
233929933
410804852
237222459
268219581
191301392
212454363
248152558
286799832
291472556
162028463
996091823
680240796
397100322
833420625
57593572
607523454
154928471
132631933
849850923
530726664
423455857
54761019
38423995
985463374
289041154
99644342
478189912
54043910
723391267
132098802
479452794
804465214
89810186
906275908
470656163
135859640
410831297
474662152
538018637
573078189
53944306
196830486
798140400
955822216
119283330
631158168
453597043
831533429
906250174
38144825
149946969
953368630
684052721
39614387
79071739
813823527
401649124
768703125
124780101
28096613
359329507
319987363
521536431
227527341
531128527
380611288
727616650
74129110
933393666
972281705
935545912
992363297
84908655
569096486
59960111
18228643
426125027
818344622
432786566
109680951
659752909
802050680
103905119
222108600
445640292
246405486
988531786
320234110
373645966
418545312
127609790
549060824
121016387
48381178
39135011
612133895
687704135
279387369
57237019
495861633
355410402
230604107
348222092
675762169
641249047
45287214
932994660
63143873
988109049
450722870
917431699
134958211
292899623
524423415
504427195
435406587
401722380
852433070
979198353
219531910
88884402
24504680
680780183
872643043
345798338
534896562
432949770
705166932
571356909
396183826
107752813
672813670
477950235
113738443
927522827
85338394
556290340
575428989
909134260
266337993
779706581
376271451
447915120
179239105
345059572
210379704
886580744
166516453
470833530
969383162
257352523
291789003
392607320
126958587
341710238
545676566
76367003
452482162
421081285
947518708
1177782
467629251
802157184
746434200
867617273
422522759
404568462
648914432
382899158
170637025
5810430
812111473
544444957
58572432
879354298
325227832
758290809
425665565
686101376
111620620
254536509
660517
156869562
189788596
763717177
284835720
492896877
273385260
111522465
190802580
418855667
48778981
282559091
884298920
825111200
135008299
780223570
682392408
406526276
134618203
666331039
46037015
88471694
885077334
23013416
825383408
267557214
3338880
281981338
911422484
69813115
615931121
876150685
962173894
704774548
773515031
394105657
894209851
894404051
10839804
234432989
275732456
113161413
819314205
548698871
687144679
821050034
450984394
224919695
447073723
715760186
725539255
519089697
54941943
577224947
29029308
2748843
541121223
31149916
698111991
110564107
677591694
177821017
488079742
561670832
811044859
945216282
106493293
417371009
72957161
770821068
568331172
727724526
946738817
132956696
13175370
833585105
674525285
180292482
76319057
646653740
42154360
404682166
205432491
343150439
335836078
602917208
47163241
251125744
865013053
957575228
517384956
320647367
876805424
228954032
532698978
212398903
670541407
942731640
149304492
892675926
676508918
99936186
881223304
318335547
883773752
588547212
196292580
347488846
29977107
752537460
365893037
111570076
991000657
657854645
317203759
982144237
131858995
536962417
794036403
699421341
641973087
683830681
957260470
522214544
94175719
115861394
662264776
69326409
25797967
380691831
726797782
196316516
749781198
931532768
115445146
901814159
643968365
6213322
786561307
974039464
206408945
722027288
475518797
257770692
670483023
754450330
96223000
750731965
878688208
660650015
54347115
524390408
949678546
148858118
832919049
572045397
875678338
820393875
514843385
554136510
528725109
143059324
802330984
727028575
134792242
443920865
412766955
795011453
907217515
470880905
618131140
551669441
14369366
426239407
947750704
752850907
984524403
540141086
737856533
584172353
682481365
754142928
431706302
488058148
198740474
894075433
782724372
911182329
328495324
633432609
25421284
699253013
314873107
465581719
394520143
418025112
122026625
640560646
360233489
480827308
76580473
538283736
379124719
365171584
78032809
970869702
826331608
378590507
124088735
938705064
46634717
105641111
127133664
782240661
223902493
737850307
479531971
780687984
45347565
385787426
469117067
831055510
109295060
616533813
268176894
473860983
312178205
269520392
579195399
786677720
783109108
580484271
180934376
127213280
327368195
17128329
905995383
405344851
605761051
598992308
7867067
663766111
886965059
183247717
352829821
808452180
526754691
238498703
36194597
23193187
113353802
112333903
150760586
595444020
353849120
759941297
248129970
700141894
221910545
264413554
854936435
103580968
423575106
911495315
500905154
370005616
364724978
14376708
904141470
104378696
591582651
27813394
894235068
318226170
985936738
447913892
951578687
665251778
879745142
244670577
540182212
429061215
774732457
735053038
710472122
688855712
306589185
824141720
873343468
232939431
150328336
127574280
745222832
628486698
296852271
591606716
284790202
875359498
549595867
730570922
541476155
347019677
941609734
620783173
820210063
365977326
380731652
248585682
123863959
662883548
731609178
811575571
127474631
424927158
13113162
349581740
698024566
143200848
33441205
198595499
604964255
446648887
17992475
751816745
783232845
867153452
69534153
429405503
473235001
174211897
959142018
287642144
208803389
163258303
191176233
463412119
791780011
283462996
43844726
104397539
908276952
96969388
617394621
57896490
842172495
121384666
795595390
338533508
841466631
142830300
248091910
60467474
517070487
684839247
373854987
991099034
163793237
946382452
231476013
324465774
628262463
823101920
931799113
89916845
989883583
417566172
58094408
435139518
1039569
878124163
918163935
556746781
656898288
276097189
800778003
188859250
969563062
340469598
376097978
827321703
632226574
82943862
320601731
316822594
225376445
533736385
468229176
147678424
333154814
843091169
736174477
231144572
841882759
901264077
136158426
783055236
29562636
583479373
920468387
632965899
771360902
696881553
112450533
170498771
829659099
469156922
707919917
743619217
446333157
360990728
529862721
935551385
729842939
43684109
906896336
160771324
549214542
764092588
151917456
66110356
306181302
618324502
506537281
746905059
191409898
888631058
620910568
813854181
916850902
110921267
823886029
870912125
171546923
266080587
748451233
53647483
857598688
543889130
454206278
333527839
670071403
485825353
533881977
767710273
824807135
526576560
392134633
126947835
599474883
528570504
337591667
251351895
370965616
674080871
300960972
720046297
540741412
883095958
934281689
71920159
876302699
369589545
961754269
887566692
911980382
63491635
597515464
808870076
107881822
486562864
837306050
142443559
752113355
473389821
628787990
272721043
892467003
667128773
214145402
752157620
424373098
438444977
721314160
374878383
656941361
25100
214834278
592678317
908297611
89680132
867941977
437371946
73772741
800393668
378813268
573065568
841823159
899566877
735626859
617263434
520228
739494564
990250537
935489687
47389722
555603195
764001209
763594250
366285278
468535044
638929537
70493359
163890147
427665175
933808294
705504982
165017387
838813610
503179293
143775565
516818080
737602092
248244691
835279163
229270680
559634620
593663058
485991844
184612567
462522232
867834731
782372071
285026716
555483002
684379683
239897427
922228748
154582168
754768353
998784620
840923388
602479787
285363082
559314001
647470466
529461291
276663247
577096574
225969366
909025044
578228328
712984599
966383711
592208516
809308214
674711178
157112486
125128617
88649015
717827734
760575070
162534546
911894216
762783320
414865228
907968834
6376034
580799666
186810847
901792193
629290872
927702807
169800029
616299118
825646745
752999948
341972843
664311507
108995974
884762705
30011107
530996882
670042489
792846333
232289096
105049873
927614833
484199589
126953840
54905987
972912455
799142927
832445751
59776852
794688415
920368790
106522767
119761949
646899604
879423314
130674675
520975491
537226996
945848362
992443618
287380055
98840860
6453467
527711028
131785486
863023145
725446177
309232820
158558578
659793097
684511818
313206725
375986856
107177896
186075395
425952311
62990457
118656475
833024418
195498533
886842799
630412613
453450971
878490041
625024540
90421234
438741409
260995843
395526127
938707602
89290883
768284975
539383992
898279557
574476089
133150911
189401003
691892567
14425064
923882184
26593609
282187887
87924233
66813473
593071908
287952029
122073290
277375654
813102788
25606986
879884302
643070472
947711200
88907179
407317719
758520244
779790894
645836395
189938827
934144525
707067036
648655201
113949613
181689723
730407005
934006783
894025958
744176625
431776247
516140116
80479379
495203821
391487422
632185724
543861559
783799059
439072493
530557337
518039193
578990391
636075558
141287118
288657222
296371581
102584474
500864555
42163292
554802290
981071334
486468872
612087575
909203895
643714860
686017012
48219941
831213468
823632941
119250825
646373124
620808542
99103199
327639168
276404246
312012639
634336277
180983831
751382043
67130919
278914467
906129115
150989859
508373106
182339707
124291280
609438076
121725720
439744096
80770723
889833713
152075261
216350275
302236132
676823947
952177648
201592492
583301725
82222098
867794643
108613055
98515435
39024208
897351521
9360566
556726531
316556538
48740547
784082500
907898086
964798045
504702396
120247569
804737512
164333956
89807028
498694333
74464137
121741514
350688785
331282127
226590396
816279441
83027851
377699785
38625963
646498747
584670656
467525298
55019113
288263981
922599613
299764351
935789973
799329230
461651556
119285081
222113716
531624904
133284939
294525952
147868929
594510124
837728224
588449614
703446641
723197130
809700468
31894637
329735956
9898163
2184722
4379233
380303611
644435183
55067438
538935765
600357887
336833203
181727907
372165493
158555718
966230146
951703786
827328446
100061244
835589463
2031839
936863368
305504750
777911851
484036821
538795711
748459025
184607627
734000721
997028057
28635036
25691702
949201045
713433399
66914370
934342718
97634562
59555804
19996904
873495174
428157104
611724409
247923874
531253716
337179164
908348562
946013589
828951582
108315516
540228403
850888283
785767008
509158053
490042054
537015333
890417037
218583494
535747288
698716123
881297465
771780896
520291192
128137007
258535864
645826945
824091255
25178213
115947432
960821795
602366772
533403624
110944568
68022289
789311019
943808814
280520156
768635305
132413008
110840673
30869162
67425385
933037235
631218251
315928377
228656855
980496080
201088060
695247689
362364274
785708804
530923425
435450690
142961501
305703470
970315244
890469168
301770633
650138264
269985690
809524297
365955934
21196308
557041732
319172451
710212329
824503477
865447495
462285912
836466716
68142550
456032577
963364074
380776985
10497413
129339815
353798519
702468868
676656917
292388085
723960259
105212758
370255734
627995979
639272626
394339241
525088845
157912392
536763230
948289210
66103014
744310799
539355018
411313539
196790280
329419580
342039094
984813486
896770351
772033189
258590927
423787139
534671721
949014377
516566548
450565993
635305029
282929519
667631375
278464050
778421537
460394835
472411704
576466169
368170766
738655733
776919802
990538454
686564834
665529707
462951973
293535708
477685775
963926517
889316829
261761883
385458525
236245254
24204322
366104080
570623905
961487480
698611263
266399092
659113827
5439163
14677945
317559366
516380145
612658066
553006475
70601109
181865819
542568830
531739226
54694793
718342191
817119281
165833202
872335855
270835494
59794596
92911823
934354948
96162750
738110215
552838433
186781440
762053813
38942961
324811770
207987716
693649143
265405416
345291893
820031457
866135000
132280565
593881310
6669561
12119239
263060564
383048553
888540212
887040424
656928694
787130831
808611097
50189063
359487148
28997425
673912684
621725710
836065315
557225462
905133845
957861214
28984364
247375035
896851231
190921124
470762450
774741602
888753053
523796886
711772527
69926077
12494739
693164614
711861101
618127070
483264951
243857081
900140469
431547946
974052503
632576840
674897230
782099734
2826051
252798923
68845095
378804510
425869862
824753761
777003389
40880094
669951396
616351351
703526776
922542428
338656056
960668642
175807948
659662342
634396180
833268483
2531694
393486696
228750559
407895561
525871081
65545893
118196387
690259990
285969414
12517690
724397002
855617771
817376885
200416336
143000656
170802977
292976978
31550322
423758201
841289333
310466461
417526395
537046016
51601149
470096433
318412118
23218902
545545807
26184137
990126571
999476772
589020170
909868167
716211060
713443985
451854694
612644844
330784321
804404611
11717790
958358162
998276234
886414474
666983857
926025837
902252650
778257083
991383751
654064562
41788188
692880303
228413418
391039137
687794317
647592596
641637976
494071045
325768944
262825605
729059934
916104603
305292209
707723980
952494774
29540458
3712305
701641528
449433997
730179658
53447979
652018607
15160855
843893148
330133648
251456666
131851813
416254543
281360853
72865677
587754549
113412490
744198050
791866222
939432695
745532121
738761049
399482167
62900247
395475583
89214594
279074330
90957840
513038794
496168053
417465470
513079541
181002882
71572200
909080236
358356625
355650187
758681886
201540694
712732739
235361407
54289675
913501397
650365554
795081426
290275148
364545030
137474319
985958908
820525082
218050718
171315644
319436659
62810313
238459914
384267874
699810367
737882128
14347518
59040071
149028383
754100679
869111006
757889526
123753125
947580157
33951125
178886351
65795457
17651241
897621357
42505502
70896241
847182049
565096511
49868274
617458788
988867612
522010751
963994062
231567066
500288476
742916705
524115855
630233569
946247179
459931418
66675351
212117679
31955511
998340205
814091424
816248131
556800681
562795588
32961059
73221334
708787963
300482810
126028504
742190786
415518526
796025016
116806749
956934241
481734682
294429762
471665824
718341469
804984627
229649889
697570764
958601575
794351231
902789665
6912178
794815864
914920486
878674260
426225979
722066308
131327937
408426621
68483335
741155131
189134117
294285437
193479196
307584192
367355193
916222204
488833638
347499022
408026561
580104434
32443436
608961092
49495289
229624343
268219142
390944541
452424414
450510649
852622068
653699023
193141509
281551146
916615059
294591613
251433356
385575574
410509219
356464500
766960017
893135003
802281469
42313617
933830918
878725128
281164455
859950363
413785209
728937255
647217228
775278941
329875038
199965690
11444275
217885342
332303437
211878390
512214004
666308052
305189437
127918623
90144692
878845887
163277321
510811759
721096454
10860935
589581706
403164062
460462327
252244679
343600775
314698642
35337180
644971197
680941570
437590705
248466538
268894398
795532476
74116488
928277134
85095683
126518926
980735908
84393609
502652952
34980613
94600569
606842981
603120642
318794832
806020737
463681483
24013465
453337775
768983447
748206083
582883796
500540336
887981853
447140368
835862701
299375611
51709156
492391504
15010768
30391077
474701731
410244312
553644914
856405725
175617881
760173567
649903144
613291144
455730186
530550900
409852534
56977940
998014665
430686516
528384022
498355987
475828787
818300259
687177625
227289809
833895497
596316335
775440374
895595822
359077109
372901471
790719729
790656245
723680657
700909238
26737849
144903076
725499790
855801442
756851735
654447542
681577038
587504568
59465470
856258435
847598498
328925335
418176545
372193762
988177870
459913770
977086837
91020850
779069286
609694043
483300864
847446872
721009378
547374603
52492520
211961879
560908558
884407623
150093805
480779057
265625916
903751746
996738369
809321183
892681161
971514985
934184754
590217261
554540134
77004158
423728012
333902810
322736637
483944315
131531016
674091727
128912695
972148689
640408225
945977389
220538182
821428730
727782194
561459824
412117050
816497775
457600095
745856758
752484167
470197586
18490589
972157664
998272472
823186540
999502384
812459632
100985976
197691011
435619968
693049553
132535943
591052062
700138659
960518478
592463825
450814214
512188082
230636998
901021129
554920106
813721199
36327497
463864909
604865531
580373197
461597305
354972171
100685209
792172405
790483082
108297410
674394370
127487724
644981209
494708185
651267758
926038525
115499866
674009552
102302539
411855373
506438308
23928073
18154431
178843943
500527848
471074615
371826394
108791188
944913119
513221468
418886324
564031180
472202980
8904126
475274039
84585211
136950610
212389842
311231758
394971192
408871067
95836316
694184918
680241253
759286190
768143434
307988052
919600694
289056599
566249879
461676496
331430239
568425133
513948475
545769669
641149124
513365000
683745001
310215288
491029078
93542172
791212356
480303646
865327827
805530905
821009647
126705154
22724032
818200305
947712972
118689183
589769196
613846267
195747859
782297587
180657775
566326145
595995511
32823769
558766882
248997443
601880145
944598223
308710268
172983124
781990677
110367277
309932109
381111988
198441893
170791860
460638628
67851939
866700794
258667157
912006171
496927358
87181301
465257231
383301268
486448854
275645049
644111964
124714421
131234275
188754456
562795373
383852623
163137751
312542416
155385150
218101298
21413704
708827588
173481607
215554801
24627918
604557602
847461435
965769719
803241785
795454031
903175020
41122722
245811476
387918882
139781129
540282441
759104949
869509594
221528523
640725810
988661190
140622069
641575492
443902457
310405121
741090084
95889188
996847466
495430815
704586864
559572268
693196641
250138890
104321982
992895522
647101064
763372818
732623526
325348162
633193472
301213019
661232932
906993477
441533
771372768
896313415
889265847
197885987
565097953
74103968
72358563
93097648
324074920
501630226
671388838
153118928
577392368
547906761
259053791
967712868
456513745
460420062
896401893
228831946
628283223
379036662
32681232
310631170
245328333
64690491
626356855
214824391
633528930
496804684
379904452
585242233
691106771
839937221
60356547
800204045
486786801
306047915
523972840
728569180
903431644
266256418
408675556
957366586
512727578
353506613
445877089
78769018
459432483
478030816
320579663
738904296
14055918
600569812
396667962
802175624
56355280
915881211
52731581
496419303
138235504
539788252
250226436
575707604
149365624
127142872
729978095
960745932
327337331
852902150
66069903
980792800
100115228
156941395
397085827
235298091
137621310
954447929
850983260
27540378
955127519
180929086
831282828
989366461
109209884
184980781
563149058
678764055
347318099
307715925
433908077
631563505
823645061
115930243
464904850
903284742
737736729
363605103
519990406
13288930
8747222
985672158
503106548
68633997
125847718
644182709
313725636
507389445
829818456
999986374
563966396
737883361
680565480
766118438
988123701
696979034
396308631
412371870
597268799
751117293
912444963
74748492
812950127
961822275
237564956
375094297
138324312
677879239
715622538
559572966
704927927
849367168
990190967
288801766
371217520
405842683
382888887
145495975
952935048
46312410
983594656
93752433
30101689
53408556
575393402
311023551
190603437
219342913
414400539
333370330
963279865
112959969
728612191
626317521
346716431
139921506
959136455
194144803
757022806
234670545
327873923
926964237
641555921
907951238
65145131
263513903
559866185
190608719
662622556
640083928
144990073
247196144
392218910
41402658
69771378
121478784
584458038
189021866
555166527
660351652
334727468
504883183
656745962
656416332
765797285
885472524
75037158
576613717
700526355
34074209
893054070
796545607
128961451
644107134
43536611
575381097
104213416
108688985
813144454
80392517
975776412
334522923
214579015
804461792
32296632
643614980
154817499
60504107
132761318
876940971
566630236
411885654
15371075
82093394
59171584
4862305
909360127
122022437
570172930
617380174
460580692
448626656
46101353
376821882
316095771
894564166
199903893
913284321
149452869
445985940
760744128
501903636
178644836
301620146
268386902
855981792
286005469
618494075
2045623
607004565
23895636
34512263
227019551
586636585
296639296
100081763
32968649
53302817
359764520
395821335
457817517
105101018
201251692
943421997
221737778
655685879
19470527
823632945
119318053
776274120
668957893
891394184
609107594
9765687
716122815
23288848
573644582
190398291
66421385
445699833
454132495
447962027
967605054
437462425
594453294
675564992
267757433
13914544
371980641
346715448
916378803
618804315
128303431
908140385
742150044
523746310
861741695
662952497
97456443
213393418
205485836
446741276
777795820
681387451
696083153
371622193
971752275
627350490
882462307
814906145
269857027
1590325
958788511
788700936
73056999
655819756
122057619
575519648
492377848
139999445
121573581
30227570
21606876
807985745
70294812
914856590
804774188
987768910
383479060
327115351
62546515
892752800
821046589
747589348
600331817
898674713
773412040
17640989
139358837
446798229
380499822
1691235
93256390
283041576
196468305
5931627
908607227
205450372
998181475
86778539
138487238
475714296
248555091
609721022
936736917
327726440
595701103
379675807
37373012
855966338
26270091
80250380
734363500
651803769
344840814
474176223
167965944
210108650
625943460
502324145
803688658
70619023
921419926
800117765
36678841
133473998
324556918
12636024
565752893
698767382
388302409
143268477
22598161
850170055
244905825
553533123
125018035
732086057
29524914
742464297
362945540
172133300
176879169
483804513
722341027
453562876
257288660
365927209
538415233
796216220
828383661
300685504
385222915
571315278
696491609
1112666
520708286
341279855
754680426
875500600
128118603
949219836
29253736
479742945
31560708
12358547
551669317
12285298
906530530
455120823
26405194
848937785
216001827
95342959
199289829
182645261
964770064
388930798
612679096
113479107
277872813
578919513
444829012
850629477
730981860
5660180
79838301
812529179
122378758
323430458
614597049
136260473
912202009
493409330
296248243
970104933
650739485
637288802
411947625
909434025
216542476
237591045
20593542
163771805
231669759
285787502
457111422
915642813
133922267
61657991
991715461
934147238
752664427
352343759
22121312
864177009
584064180
11901401
103846014
228730865
283919925
133515841
27812219
874486843
122290233
190095852
632801475
948348959
70304457
283981527
961839233
168072993
861797546
601640254
60233833
885233494
352627242
698674221
970029129
731206726
135510679
195316133
116213293
572653837
718816252
194727920
27073412
903785967
571890716
423438418
116168815
972595738
564026180
595189402
369451688
999296739
858172833
603609557
946054649
371563355
130345656
872077608
225445459
693654683
358516196
890076337
934889535
698053293
271510468
666664379
206031454
819986992
911790323
809632247
32787937
104022105
833787233
924206934
189699565
60351738
719379182
272979264
937420056
278846800
561828424
957704887
756101544
137910709
523409628
645578262
939443368
717891810
837500402
54412554
269718612
615711645
689406269
969866096
931573320
442497541
320302026
722131600
81206934
192823893
31324906
137180205
130730782
902439349
414118460
94457293
553308318
848709116
667729238
923247491
96726593
38727772
210118963
6295473
374294586
582483417
213821424
956531737
366322317
91049517
699349064
781718617
39843573
783517194
996734732
748194124
27383814
678261440
696823804
289346737
940610529
7013914
357209169
43204949
296105157
919763600
879534094
199575557
689908463
27327488
524568936
9736417
224181925
932275215
501828571
857489606
858031603
584462016
462901534
800312504
955152145
594818268
367232069
994360783
503938927
26042321
754108706
649515726
751429181
66400707
891143265
893900677
140567574
873161674
117989898
928809505
442720492
919955836
608455830
7796
131027372
6303029
501288278
366719743
973632289
12491083
631718222
921984964
706776843
859327322
679753357
794647637
442034366
125654389
689869500
165454925
602580188
32340464
232815757
219223065
547598850
171939486
421435987
466544281
539914148
11655439
57908552
44898529
281290315
34817158
849401100
205981022
179397790
71616142
61656274
962857842
107965280
96262892
273713162
387141860
965274257
65946539
847876277
348084625
512837947
415499818
481599660
379620077
100718902
565472078
274076971
852207360
480657677
373075903
781936128
193562234
910225280
275758310
400205944
342518404
450642068
559392485
26088829
388285015
850927519
90701391
852372814
759454339
653761452
35364290
100608967
658256758
278560940
259368120
955673077
760187804
889184403
976540326
643228708
105194936
425226449
748329705
513115103
424188347
835323636
976728391
302048447
669885799
661346219
663524439
120151049
182525872
105682788
34620425
690393216
584636571
249163772
895382932
283023595
894261638
764788160
897956403
231172683
521365758
861014946
333383936
191955907
475469733
226130622
324287342
131344555
480703925
150366039
406743532
698093923
161400300
175974517
311703878
887441091
741466600
774521237
480045792
826542943
783014205
132933197
618227677
819661731
740095990
568020506
155833427
102820474
965327839
26036988
664476975
742533003
517687282
106873155
359260702
518086797
231587172
45231440
788579620
536087703
125103734
817924081
600183498
346339505
40355743
240097305
986611000
249838513
498336684
151403266
659548545
869293648
680069973
821045455
374025141
555910018
625808076
374408904
563363818
200289503
158802072
457229461
959062061
91288492
420834595
303388594
718899958
601574662
105312736
257607402
73551640
24811386
393136984
793591916
671379273
992359973
236063609
911759032
283724410
142462530
716453883
499602852
164073794
219253010
50884465
102668905
565391303
63975193
927718760
437922100
523255009
194380376
421330923
848217280
784354752
41186509
731922429
633934187
865508142
688601463
328393536
70165340
93325755
655880553
143872798
796508042
645090143
178078276
516864461
162622490
242485377
675252880
317058343
892642594
323319416
895797802
813292744
70713831
721879404
137516056
539949020
804770565
719855727
485315069
547473377
565103491
167181134
904708862
257622874
333589544
352642269
951233010
150425733
617042012
426564321
966129361
612315360
442619096
215793264
884991912
380304440
658368186
3847689
243599613
74864509
615364199
144848641
372137236
831123966
112351405
651938122
662449460
232848172
557000548
419971541
475920476
566338704
600053202
303938280
220054325
486200141
390492952
305019032
411405435
741286352
40060395
571150763
78971651
131644511
641139967
713968370
320753732
724019754
957661576
28173567
66738229
475929647
365970632
475247016
984914719
657731157
389224590
255473946
723778647
993322099
19624693
60195838
832608685
443703521
54833641
904476880
299163625
783827748
128269938
552244956
156653158
54675284
951980919
983114061
251821787
471484450
24493720
496575463
615332977
413079065
952698351
156091803
2894965
411036521
628894626
64952295
170002898
85456176
388368767
111063736
277900287
686169962
471366944
197054025
467214501
273904875
107273535
207522912
117117834
97393964
103771090
909945422
14635845
609984666
72834331
646879483
186744598
142850319
791572665
300587490
92406686
241473399
492302741
25159743
391479298
495645656
227473679
629231293
280863623
98834233
895073478
169976089
427855891
991688459
480324624
217905073
663922354
10952444
187111244
862618700
370390003
737171415
599790940
191068140
587155293
424630064
462305245
161396447
111217146
708778510
141606239
357156575
306741238
84729197
261956018
353318176
426300077
819947747
459221030
71623892
191910524
712717652
129277845
105247307
157942199
244750901
97209102
351300525
875378072
68790507
815849063
292115746
441725980
237578181
804388294
944499393
2179527
124088290
345268793
431789757
743202686
242652650
984621475
24146543
104022565
841518453
866319007
284423989
15384901
875993467
821799684
165450062
875352816
437291493
869082817
638622072
990874976
47522794
437639230
64026213
992233322
254923899
69073306
66863140
73320108
782925425
788291384
779651123
444188845
828760943
406234559
733719300
769174026
803783689
165816324
588667309
67279212
978296340
884763526
836788232
822389599
697238301
813346875
980493548
158532736
579971672
948596149
136880915
602552468
713934071
891774086
551669567
16487048
658382429
243229790
301700289
260845234
804702889
582425195
589789339
952389668
263023916
121610686
299346236
705487178
658764137
216145205
357613358
393958531
568946816
691940068
605752949
462821994
463483724
847761599
922680195
299600956
337093855
474560199
178999635
969759645
142451363
883275183
444527548
78891323
929055462
281552497
146342738
506600329
452047726
916471443
28321148
399648449
355613105
342466134
572140178
675684027
120895031
156234533
254274428
97853866
804935907
203791427
33580271
181372692
844517929
886388258
226371545
78512909
11502305
838690483
935772520
151491590
351031435
440728314
442653473
586546081
923022215
605480155
527445599
758666155
291654846
78292846
46344267
164510186
111242413
133440979
208080094
98762542
690162841
7691240
210630438
805699788
157437512
352411080
213123134
105273589
392642351
715724604
127512581
708247739
17894052
97621384
45094580
990362316
666675693
396185852
141803795
737018042
169534576
449797841
609876247
250636198
227148019
243809545
308224339
595909009
726468302
101197097
598518011
271786907
17807358
581017551
346815326
447544702
41569651
728939082
32428686
154036420
965294883
265124074
59227840
595851828
765427235
108493115
23146080
114605031
666903236
925533759
221832292
96699030
368455009
427981962
963080109
696123102
43045036
548909591
81232072
53791768
780607967
700501846
829172868
887007093
96734577
172914860
634677629
475635954
79344744
752746199
579202116
106591761
486365529
22685421
962243806
525280463
83468824
553703477
47695488
399645063
298704603
658979582
689645673
698561830
228557239
306249968
772393964
879685411
595276729
482651508
878160237
731481075
451527028
755034745
181067670
12980469
59872714
696830911
408794086
594995227
46414688
555097355
852282917
603060529
662980710
217127265
683226602
394439305
59380846
581466514
302601879
588504257
828852964
598326437
553991405
237429021
444939821
565512693
956693276
726803221
287729789
534369257
367490645
252301743
302675423
470053196
739211506
527862025
315086996
765446848
438128806
702395457
442838240
751462825
277350346
33246163
422513321
600449065
514756780
98566275
893492088
715863192
102256028
68618505
72495096
801850623
243535836
795943048
739170573
46922516
500227963
80379783
761756074
329810882
476200867
983902947
625726907
157685168
12776756
783551970
788236386
62321159
607183224
879133802
914318854
711484893
530628733
570508118
15455371
60382757
679189024
254342563
35977389
667545625
984747447
141357947
124575156
85574714
26131864
904552838
575789731
529674113
706078954
867325134
14531302
561940603
695613693
278363983
244079115
336898613
133590130
128903795
468061320
474006279
606684430
85837632
357048818
850174408
672571765
352715125
28240155
831377676
435993150
315647064
588575136
665611248
478906491
5663859
496176323
349437938
428627999
290627155
985759385
614625668
617260006
942905832
929465789
528446023
392923147
347117104
431581676
186447544
445231035
164979097
195273580
401025022
16839046
131961874
325587545
361536259
108667650
809072178
2621420
901511578
940439
212046253
186003798
222621532
683575250
959198947
889942778
44668491
271535434
86267941
146801240
622708855
179914154
953189880
34306540
64400384
838474378
451179432
207956067
161724400
180672276
17065874
210819267
684381497
477406747
776291637
170387534
900561065
58053977
548594279
869729160
409785569
286002254
771480992
922255605
605967767
132805895
626146610
769182548
592507874
398167179
436733401
79165161
236483434
377823219
113181201
151891121
268992942
511299259
324574366
305884560
718927580
272839038
521103899
547896605
881340477
494683580
30710101
187065736
97765744
323869453
550335073
62482860
822903215
739647825
625645939
944339639
257656274
101964766
822850434
41205
131005944
646162633
230569952
128684076
70211381
867136842
937853530
767288308
175292321
937959010
392607021
476438363
326025856
285778295
95347951
76168951
857263001
344448662
325728500
583083297
913091418
409320864
65639907
196300969
695504191
585447516
993814505
705557747
51838742
961333268
608758895
591632535
511708713
409311734
912191997
325137646
390018354
711363612
639742613
496454740
940846585
886461234
659900599
136792863
708619660
973803005
527209826
90996638
165116780
361828114
364402272
33107907
832285532
307438344
270592926
632426583
89990056
72857213
445500101
392204065
939386390
760262564
205213498
164523804
340120139
590686437
997530225
878638024
171712596
548557982
466706903
332639877
571458176
743673226
354062420
842885681
577504955
292672823
214584531
690147782
547573205
888407618
806016713
396050115
362460752
259730903
610516017
58810931
385818275
987596210
421372385
397585467
397318052
990820019
916839073
912111264
908720340
752035494
519285063
43491011
601960475
147220886
233248236
838425255
418547749
523073518
291544786
583019495
633749782
61180601
203651250
470604010
259324169
216988620
293482312
580259203
693183794
241240783
84714345
12338454
213966266
36386162
95342495
191491381
110632192
821896289
789090297
174596385
978780893
645732631
593460926
29221545
500235299
849170866
985910547
7721755
723496043
538563965
793966228
874495185
55472805
116509415
461630419
911519169
547314263
38358140
233143458
77421409
994014628
921541361
486570741
969694789
406921640
544071432
16167276
933446788
865103159
117481701
415950623
822849776
988982199
93369391
241787158
677704382
71768233
908839573
963005947
449682368
816605183
115322704
198436534
873701725
959197536
866228101
904050494
929850133
752686112
716803554
727050986
363970272
214934848
135474660
382923378
577702565
673441868
298655786
631490841
395359791
290582097
228469579
980431995
478516534
101128923
14244084
822613549
959177235
879534263
995394518
491032474
796113675
459414915
975744018
937560612
139182776
635224649
79466506
651716486
232380502
139321799
824300563
602555544
765632403
54762975
71298487
603753139
211753676
356608031
677296818
664291026
764771807
830132954
990786966
361317302
369119576
859941296
261396140
326361796
489470934
675619728
40221738
696885408
970220096
645821801
944657469
511479212
54077143
488959720
673580618
128638320
655695358
178784080
494410407
941480206
798311146
885088013
847990300
471490608
920969804
824851899
71903686
37914497
219286498
466233634
968342382
92315886
508376377
591820473
375415385
299420809
811351942
18414391
838981525
177843051
503900111
521145456
98861457
559648668
829767794
148510140
633925166
713892195
394985576
650622955
33274161
893075707
160198666
307464702
713591832
789235576
468816891
287986194
903305867
92784604
943668862
868809117
126492044
528930134
86925783
111228430
105450120
419136643
476175319
200012642
800566539
136772518
721186314
373654308
558749306
746576189
106542749
248578001
787747970
236426613
570316319
879835450
614993486
356726191
870233360
293940381
43595367
208388120
626283161
123732980
609003142
401724570
889240400
124703327
737755995
41913834
657128978
651315303
932148762
731038069
802881196
384507071
425027052
692031620
996983766
638741268
846718501
571201285
721073483
624787338
398734514
381998158
59915554
978369282
963216073
40807825
602809960
392129752
44912868
522285888
293254327
43482602
460630412
929765627
479877417
144147965
333293939
33881397
154451502
351643469
196786939
273267393
485036865
959644621
144956177
824989719
93277132
45695214
347799719
812368677
926810360
995807407
988006956
882329466
729731105
104552296
361794204
941960549
74479937
594313536
681157355
123826975
834272038
482389981
570621820
571939816
455683540
746571578
29045672
130294944
581287515
589132980
303877121
546660081
780939501
977626490
364012811
575382752
339050423
146343870
525625853
238966191
510352247
440529211
598318068
58828553
889012651
591893178
597368320
276283093
